0.9113075150663548	0.7126162216711702	0.7587137138149063	0.7734767466249834	0.7379121351526456	0.7292181424786428	0.5433818771298697	0.822686868504859	0.6658148263215091	0.5783736747622599	0.49768242585039085	0.6182103648233788	0.409962559798866	0.5790630021916405	0.4907440700066733	0.4527986727965055	0.2726758532222184	0.5338765166865054	0.6038979987722755	0.6201450328650374	0.653117691932909	0.5577843362715331	0.6979464945763818	0.6803227887776635	0.35815765427387486	0.5624493247186938	0.403701702734523	0.4652310675641778	0.5461700308069548	0.7284234311000428	0.5650366336526255

0.8445942664146927	0.8057222657745803	0.8450834007358168	0.7127388402214491	0.7186357594002701	0.6835211606817664	0.6044901410260761	0.7392845530052463	0.6087643787893522	0.45503445070790505	0.5595150402667131	0.48623632918497905	0.36945732325400027	0.5053752259653863	0.5145230252774966	0.4888410829992798	0.37795571940303474	0.46729009919899656	0.5530954834274517	0.5321787307144483	0.573296886258535	0.5344371534457912	0.6290414566151497	0.6254748677592041	0.3347813397430458	0.5710436857949934	0.45283657588081394	0.4635496612379713	0.5353317718012177	0.6692201199753532	0.5008810511873252

0.7492965549661637	0.7178918856821268	0.5152637267888518	1.0	0.6581327180670671	0.6789663888020998	0.5101267209839055	0.7201114670682239	0.6175700548575812	0.5137992191003737	0.5142215003472489	0.5517576357385567	0.46646328259143677	0.5567661930057065	0.48709804352946773	0.4326977012932765	0.3139988409008725	0.453295876469445	0.5517945082254201	0.6882246234644884	0.6218569414606676	0.566595411106628	0.6618074087904816	0.6404397181835789	0.3730906669412624	0.5263933752532572	0.40449427815963357	0.48784301005544217	0.5905379011217364	0.6850170191382181	0.5187359095279843

0.6533148968304172	0.5570215377078008	0.6623298144890339	0.5981667444049308	0.6357266080956445	0.602810237867933	0.6438931340770369	0.6305478019456674	0.5270760988267406	0.40324476468969134	0.5229459598367816	0.4471642960921204	0.3533363385007168	0.5395776344507903	0.4490538428918458	0.546661506004613	0.4431085248898985	0.39680386328312245	0.49599814417319044	0.4704604716829244	0.4834328490882223	0.47478373392523937	0.5084877816601138	0.4922521227787693	0.31914822466274184	0.5514740160355585	0.4864895974143736	0.47526100579972624	0.4887849693060127	0.616461893116419	0.47086530949411276

0.7178089961402696	0.6878536667794978	0.6860421006564374	0.6603232726632273	0.7440308051050222	0.7345252774256086	0.6414458375368041	0.6672722232150439	0.5889904072779566	0.4213797348609327	0.5044786657169639	0.4750193342034303	0.3445949839152763	0.5347707783378318	0.5276812486442146	0.5203865200650944	0.3788702217864095	0.4614265730687762	0.550331691710092	0.5584208770291568	0.5575955797398621	0.5068945816529123	0.5626319063489975	0.5342632596539396	0.28524622593413695	0.5779912840440389	0.433896607054152	0.4289463581701277	0.4733040771672472	0.6430212767430827	0.5764687848979111

0.6460802342286385	0.6319073869484857	0.6938961630733347	0.5782924304054206	0.7500649278746898	0.6945024153586142	0.6576850640651215	0.6123151800522685	0.5774989099176708	0.3868938005655165	0.5402444462852127	0.4275105818296597	0.37026048744269413	0.5139541287095769	0.5364595672294142	0.47578418669670164	0.3635384763048056	0.4046569837539442	0.543356973030076	0.5048864668685211	0.5562905615681989	0.5580934273956617	0.5265172636167142	0.48559175646910036	0.27885438180016564	0.6625017263137438	0.42415969060895325	0.4387696976435943	0.45500062645364203	0.6319923233871456	0.6358440092648119

0.6358731683225525	0.6005533488468056	0.6483495525662684	0.6264477833965503	0.8679446294146789	0.6501662392718126	0.6148189746080021	0.6796621607219546	0.572223690526777	0.47679800438174913	0.4514944078198988	0.5674912625156662	0.36823701343360504	0.517655303767486	0.4393803596973702	0.4386226810211184	0.3457760673702315	0.47273132476688984	0.607777833145358	0.58126102429282	0.5987670038054866	0.5613016560918279	0.6247966384932323	0.5613985677148732	0.3288568201218166	0.5425557848625419	0.5057800414021695	0.5006562309536361	0.5961680388147385	0.5665819203685699	0.5651695147078817

0.7249106773581533	0.7255010312469468	0.6089462489153143	0.7078767860686469	0.6789156262341128	0.8880790971421875	0.7023690538010808	0.7058328321412244	0.627793677167321	0.4392830746811875	0.5182472780336087	0.4847102169218429	0.40853750430958796	0.5367694263628386	0.54678374972544	0.560522171290977	0.4152213507221086	0.5052917461108524	0.5496969578291822	0.5315474573728775	0.6263393329120405	0.4961768519542786	0.6158184146249266	0.6286067579197319	0.3147737282993547	0.5798619702059893	0.46671844166268506	0.4597736469203652	0.4940479305745448	0.7151132752280118	0.5040580076087116

0.594609544076979	0.6133038921374969	0.5717369518767202	0.6410177545169198	0.6760084126508921	0.6474072684945983	0.8285451698003314	0.6669593147359327	0.5360575550230299	0.4353990239358541	0.5838890359482429	0.48629586336686415	0.4104063141112446	0.6025981829571707	0.5403809590493436	0.5910716406865537	0.44010866010100635	0.4385164190062806	0.5167287457031491	0.5680635906501914	0.5707060835950098	0.5239404438853552	0.564639538895988	0.515573769432748	0.363965577799778	0.5650087933778836	0.5522726109705361	0.549478667247066	0.5356945683174734	0.6174119591177547	0.5128398276410041

0.7168220666712015	0.6055354526230017	0.6067996706835507	0.623753806058549	0.6029331833391111	0.601995072062548	0.5576593852153087	0.7774129635279011	0.5764248710286555	0.6022108773192545	0.5302916392273636	0.5199775105726374	0.42434111705562966	0.673050109311766	0.6349708451999835	0.5417597505096992	0.4109467325385333	0.6124504083182425	0.5256875275746579	0.5519147441955923	0.643497797447613	0.43402727963648874	0.6503620394928147	0.5743706101645674	0.445661947088563	0.6256572965660367	0.5595977799356919	0.40928021566484346	0.43126726167116314	0.7103414791490428	0.4652005455874264

0.7416310171248544	0.6333884050028278	0.64063438835644	0.58409541278557	0.5945525057640746	0.5916305216716945	0.46963735892829017	0.6788156956492812	0.762421836950925	0.47796516104386433	0.4533273240495942	0.5008977409567839	0.3244985592085654	0.43275709793252676	0.3906159961217056	0.3944062002295403	0.3110384121775869	0.36572314447688414	0.49272379902155017	0.5416593232607643	0.6256479863073761	0.576060122892201	0.5952710328534829	0.6416834438760399	0.26496711305962883	0.503659074150581	0.4285490864313865	0.37601506056745587	0.4205840718799009	0.6650952977114494	0.42716855663987463

0.4608399540914927	0.4804720502606732	0.3924289394138283	0.5024124783699159	0.43699980451894704	0.4164602880823137	0.37169188375222467	0.46434662702691015	0.36615006110271536	0.29130686983443677	0.3868245979045731	0.31805148534518146	0.22953872747482335	0.46448413536767363	0.39081616636196703	0.35192567579945655	0.23257309145633287	0.43399382456320945	0.3624309260823162	0.3825657182300557	0.3866084908170675	0.3323778043487937	0.4174944274373975	0.3983679473157093	0.18194292380323074	0.35509067867067223	0.3678477591995558	0.27357529978296935	0.309170124667888	0.4495622963446023	0.31630987193042204

0.5515380559119476	0.5167009458536501	0.5232116025967927	0.47121560314768474	0.5623760171381319	0.5302231828743282	0.48446142715691476	0.5854074837181009	0.4839688818185838	0.3788746964699591	0.48064776951527377	0.4481732519781536	0.29880150161340063	0.3960746458604729	0.34412612936376474	0.3645842369045722	0.3312852034077105	0.40114014246301943	0.47016867104305704	0.46805561684900227	0.504251370157739	0.4039312099385741	0.5221954433165094	0.47483717486663857	0.262889845095599	0.4864929265562147	0.4054928837738978	0.3647949041752263	0.4842040163964654	0.5517739733675446	0.42000255379956297

0.7813247785343842	0.6773487235690141	0.5649925351367664	0.7179490017456372	0.6510680578612515	0.6694236940972336	0.572966542858139	0.8733095350662357	0.6605949206059529	0.5641348808184503	0.5681770525156729	0.5896337789606958	0.4156640572496839	0.5345959315654291	0.4875833759577284	0.6182319751035907	0.44282977851949323	0.44305376559587506	0.587838220332947	0.5772797328357993	0.6896025231818577	0.5132086176921294	0.7201461140755887	0.6613086285914571	0.37434414161905427	0.5744846712254607	0.45946032836101436	0.45914009421010016	0.48674295770607723	0.782531119158071	0.5285148718575495

0.6463379194063109	0.622434128547207	0.5200079679832935	0.6405347435634261	0.5881957767176966	0.546811474303397	0.45778650691756284	0.6722261619517496	0.5618566845522454	0.4434185452322176	0.4267277956484886	0.4851195715612796	0.3201107900709683	0.4710313713952001	0.3648729236204956	0.39135918190678304	0.2846767640677489	0.39864290008811487	0.4993676511518907	0.5413484126480204	0.6172848882516122	0.46867822143247845	0.5934218252880264	0.5499307774890481	0.25909604935402786	0.45936629330848516	0.4201662173521546	0.37736135579560814	0.4346869147015922	0.6674350131432955	0.4402688238825998

0.5943189095626285	0.5953033588168902	0.5201900281209341	0.5805696568937964	0.552003827406292	0.5666557897359363	0.5098566660148185	0.6298057609220165	0.5120903479913063	0.3911150004885061	0.454759581358211	0.4404623305392674	0.31758991428146055	0.4659679705329902	0.43131541955995745	0.47768575647320943	0.3085826948180113	0.40370050550940295	0.5107336873720422	0.5134221408197621	0.5474099483702077	0.4064387808165122	0.5689691386207103	0.5332161171967417	0.26124476827476784	0.48724233906558595	0.4387121921219025	0.3884132149415662	0.4382001534022101	0.6380135336806319	0.4256127480148955

0.6056331032250483	0.5875298593146359	0.5159653689354637	0.5770403645088704	0.6075208687500373	0.5684603023501904	0.5654736568630554	0.696202604786727	0.5021853907686804	0.40915249745140403	0.4678040164091226	0.47105180634947963	0.32534618395833165	0.4829732455279545	0.43953567909880054	0.5193807438460851	0.3431055676376311	0.4095382765491483	0.5162374167769193	0.5545484106261268	0.5596989889209693	0.431441952273045	0.5706786260896606	0.5318333728160166	0.25969607338774364	0.49019231631402527	0.44035938560448584	0.4108376067398546	0.4799950190855202	0.6532091389610699	0.4502986714597329

0.5643913307625752	0.5285932229816199	0.5246745423817136	0.5179577759023781	0.5805537243505072	0.4821600783159963	0.4574697963698795	0.5481685184356919	0.47259339564520103	0.4219722360579743	0.44070022500852046	0.42400851355507885	0.31161806735230196	0.4361583855460734	0.3854265930950732	0.4611795390144923	0.3192698406305905	0.3957971847030084	0.4647619840763204	0.47779304283684143	0.4980128789269703	0.4209949441774903	0.5328142980941365	0.48282292838654994	0.3236631141077183	0.4744440197293198	0.44429343634025753	0.3691769822670893	0.43334194062407383	0.47564838197737713	0.42203214406220846

0.706118061704984	0.6422388559436003	0.5562873220956809	0.6899812917704011	0.6411121673345082	0.666868481551193	0.5584793903027538	0.7342806099437865	0.6112857550446269	0.4904932371054961	0.48067889070151637	0.5340075893993357	0.36514560846527455	0.544567787609949	0.45763454153364735	0.48992412094194165	0.4047586907270694	0.45179538576564127	0.5441160378737394	0.5734075762735511	0.6579907937595362	0.46098612535401695	0.670615364637662	0.5881639495671217	0.2996382941521785	0.5560857645091292	0.41808964058468107	0.4610749345210209	0.4452769480084393	0.7316221571392003	0.4961476306858463

0.7201169645941934	0.6696159831709976	0.6748864200048892	0.6490509212334516	0.6987663513984481	0.6833198848771185	0.5873346304098976	0.7591899437740688	0.618211980762027	0.46808168741196693	0.5183557325849597	0.5211111823948137	0.3435255869182736	0.5286404330677363	0.47167516479287785	0.48924043082582436	0.4037720547379081	0.435386232365944	0.5357817360556936	0.5426380799436783	0.6350432334804605	0.5065960542308107	0.6430022276790803	0.5835083389077016	0.30737757318391173	0.598245071120354	0.4342184866394847	0.46453375709111155	0.487640099685838	0.7151357667256333	0.5513530961614432

0.6248741805805896	0.7096971780794084	0.5850530143169463	0.7042913996560638	0.70819847563491	0.5657956078635145	0.5233846001827637	0.6534949307760469	0.5365812555286661	0.4137880779046156	0.46501116524754127	0.49046195550036864	0.37437301782214016	0.5562705257913678	0.4248885263880134	0.3946388370820411	0.32298361982600676	0.48686382109444826	0.48618934409141845	0.5263714167254329	0.5270888557004503	0.5250287435599179	0.5353144999322246	0.48788389311570624	0.3112468307920421	0.4926820674442955	0.546203876104557	0.4590717956473307	0.5745824941557534	0.5767597175120317	0.5022845910812702

0.6704337810191652	0.6001671943792277	0.5730554546198603	0.6384814585399573	0.5847647678762932	0.5717876955367939	0.5073022172066037	0.6729957540611424	0.5361906374581412	0.43420715398302695	0.4448228884756146	0.4624478676763447	0.34383362683147023	0.4641783417848943	0.3842773993889684	0.43255241208898765	0.4025840001666852	0.40848629816271076	0.49465408620810425	0.49907381069642814	0.591509523359689	0.4222283042989077	0.6048004920808079	0.5287314930014113	0.27571882720274243	0.48906134739794904	0.4622165883918399	0.38665277861469594	0.4525923236062257	0.628441516384343	0.449128962900616

0.5211906157670877	0.501099850126054	0.4051760055285835	0.5281975256417335	0.4502851721036185	0.45257803841369126	0.36081230131057385	0.5014839003588287	0.412914697478587	0.31792170295786193	0.32429397706586244	0.3349238213011575	0.2311404887138122	0.34762189283895384	0.2893217723768886	0.3291852710366206	0.3028688933889414	0.25191002957404873	0.3755923740327296	0.4222024336427347	0.43521690966124543	0.38482064086819073	0.4269736891892266	0.41231616956719147	0.17735145271375716	0.35052369755512724	0.3059219954730804	0.270192450694677	0.3571640022930841	0.4739373389222383	0.32189155811682196

0.5284838023247294	0.43491542412260514	0.44968269904560265	0.5539540864862637	0.5093163197927798	0.4951520497522335	0.4548915493905359	0.5903998319198653	0.4028951769362228	0.4380032130008149	0.466821656488612	0.4575296390707472	0.3398728884682666	0.41979906739910433	0.3476453719840118	0.4422561223325641	0.3471497725461389	0.4047568053341737	0.5186545564805831	0.5477622882714799	0.49822575319139806	0.3913818921912632	0.5446470590039763	0.5641273640462762	0.27917365569718966	0.4368649681572655	0.46043173832158024	0.3847498942299752	0.4520477974044145	0.5065062119923814	0.4025508701580278

0.6766229580845788	0.5373925559173752	0.6712452431139166	0.5364846339230136	0.5876090955997754	0.531778689761284	0.5691788010141567	0.5763327457150765	0.5021196114335804	0.3615614491388879	0.5373450492075772	0.4420399479624424	0.3066844829162597	0.42591437272784627	0.37667413691756413	0.42397272360466565	0.4239785591773496	0.399858923445915	0.4695868708549771	0.43901932716793135	0.5159603089676201	0.42741555736213954	0.523074044623101	0.49940424435902986	0.29420847418755014	0.49267831595639433	0.43022967998988854	0.3830761792014602	0.47518303265425765	0.492385128966084	0.3948173876086838

0.6679360542050714	0.5774379525750832	0.6591821927989381	0.48932106546410636	0.6277915668992449	0.6202638771563826	0.5416476222105756	0.6894060613344557	0.537907445584878	0.45011984447799336	0.580581451129335	0.5141737983366894	0.3230886585754821	0.47656055378730466	0.4225400348485719	0.49661093110989096	0.4163682573139462	0.515913818566343	0.5182582881255542	0.4964058179498686	0.5988574663293815	0.4169739353348729	0.6042070323281946	0.5686969515521814	0.2982812732625509	0.565261130090259	0.4429320041980379	0.4014559319071145	0.4628538907570212	0.6405464761976701	0.4813301913595124

