0.6850036171555003	0.606604678289842	0.6376986559391198	0.7088573554191742	0.5489725939686788	0.7171340266322733	0.5330350931255263	0.5841673731360195	0.6251517204618702	0.43358197816222044	0.6704746901391705	0.7825865128791142	0.6060650615985044	0.66752836508989	0.5858633237204303

0.6186023790463479	0.677631348469464	0.5630385309234103	0.6719669912805805	0.5269541389917621	0.6548847287070155	0.5521782904670676	0.5494073072317422	0.5314002568502474	0.5046271749284932	0.6725269966217867	0.8490963585381215	0.7360036144471793	0.7029095276624536	0.5883299735684034

0.6357616659313926	0.5748135926061391	0.6044746319047334	0.7110402746656679	0.5641748032134265	0.7014426714901263	0.6160146784247206	0.5415350560175047	0.5036280717348204	0.5109922176441801	0.7055423712916522	0.7896419808498443	0.7055999474545036	0.7066877741188731	0.525571074077817

0.4280376039368345	0.42783746125488054	0.37719116912938017	0.5333978209982768	0.5362881169078602	0.4207035851971572	0.48119869298791995	0.40186276062032156	0.5352951915077091	0.5011854295274807	0.5895223833439116	0.5469137827898632	0.6757531275835404	0.581908233907695	0.5327390017552653

0.590610697117198	0.49511788411473767	0.5013274508205467	0.6179799641813268	0.5102153034963088	0.629344880288564	0.5326835703014609	0.4963133774891679	0.48470985654683196	0.4803160707183798	0.6305658673716954	0.6392665861914828	0.5722344254656235	0.5838655208572845	0.4886130359389912

0.6890788797912251	0.6069774489362694	0.6101976626716693	0.7224529322899143	0.5660015165679687	0.9028792653685058	0.6289934394130833	0.5947206386431095	0.6621407015098608	0.5273943497820255	0.6622542128164999	0.7600712434666027	0.6301982116138864	0.6568115906590214	0.6052112479928579

0.4650531919797326	0.42726644789695817	0.43848831586233794	0.5090155823216389	0.4103796417816491	0.7083900349414969	0.694853747701484	0.40470415488297273	0.4091634042779496	0.35106776457027317	0.47868720820127	0.5550595577360092	0.4213787404115491	0.43552073147160375	0.4255880416867003

0.41599879480615504	0.3583211274735135	0.3807796754611922	0.4378309041238151	0.38342376819261903	0.6823149638884272	0.7082585607661946	0.3822016678616818	0.3923974601775766	0.28179241388882137	0.37652533100336216	0.441174662088338	0.34235028676758655	0.41431470093396383	0.37872822469581313

0.6276100736821661	0.5233482904375699	0.5447887542980617	0.6600285233694596	0.549235933471353	0.6041148188389597	0.525693855859437	0.4609431450119488	0.5060834690599033	0.41353685320314226	0.6332853723807395	0.6249543414557374	0.5424761068294711	0.5717913862998345	0.5130819615656665

0.5922226945198683	0.4956383317868062	0.5703921499649327	0.6211530377979091	0.6066681809372763	0.5966570238473321	0.5156097128384951	0.47854678170905735	0.5687409407059814	0.398338271569686	0.6270869042573559	0.6806478517933707	0.613511643140796	0.5946499752042468	0.6022886423734974

0.3505583804087344	0.33624001556177174	0.24665398919308656	0.4064078774295009	0.38349245452565306	0.3604445626582003	0.2734825321580621	0.2483524517540477	0.34719816932529457	0.30483863492368635	0.4096310392006671	0.3335465941923546	0.38102637115613625	0.35526088506551834	0.3988469304240022

0.5010747859336552	0.45113919461081764	0.4786939214032957	0.5389639902896332	0.5278247290955047	0.4735527066747095	0.46882935214335714	0.4040907675789259	0.4862915189057688	0.3650362951071783	0.566095766137874	0.5948747558854669	0.5363320332804554	0.48834932105602946	0.5268738913224291

0.5996270872164873	0.5540295747809298	0.5365321157686469	0.6309544682567458	0.5797308158617871	0.5933984696761402	0.5291043000181341	0.5058502267993116	0.6015642876678327	0.473404825316984	0.6406335456929307	0.6334054305832595	0.6201357609907164	0.5899310218518994	0.5946078340050936

0.4197905745864209	0.4391202214380951	0.3997757593255641	0.4937111606468778	0.46420654393095323	0.4341850132230592	0.3738887137455948	0.4147643074687753	0.50858008052781	0.3882497103880983	0.5004578815871853	0.5325873322737149	0.5743836272004779	0.4812880450335716	0.5469739990998361

0.4916301170196461	0.45849250240757505	0.40683512197123983	0.5032906757902882	0.5170247477377248	0.5415621303456938	0.39792424812849414	0.43452718580391597	0.4545702904645177	0.4192851585767839	0.54377667247585	0.5072777252281482	0.5241343590426786	0.5073624264811374	0.5172044815050634

0.5771090399486115	0.5059116337343617	0.5235753024634398	0.6279610725704625	0.620085292212021	0.6065508249855609	0.49425679674801704	0.5289162884271266	0.6292468265881742	0.48584785546471554	0.633331111636471	0.6249527998747947	0.7063534308410977	0.6238327064356721	0.6019344660201961

0.5335422163688937	0.4691530617770256	0.4917912760506736	0.6015459749165386	0.5338815439648376	0.6309640195941215	0.47618515968609176	0.505275326480876	0.5592151901177695	0.4731001445191232	0.5974333340652477	0.6536912455763904	0.5798700061618913	0.5663376949294874	0.5261425913543285

0.5309300822753389	0.5081285520225494	0.5297057355852929	0.6110059632946228	0.6203906104857584	0.6381436411381631	0.5894992097713677	0.5076900486828734	0.5754330385567554	0.47120024506162844	0.6267821694594451	0.6434454887997558	0.6212434384055131	0.5905640199867396	0.5726489858806958

0.5283016371616025	0.48571149765461796	0.4694047568317016	0.5643478835852788	0.4660345514193664	0.6016541190505907	0.5671135348588875	0.429743482850634	0.495069329384414	0.384333722446653	0.5626202125359971	0.6004388861020253	0.542745723450851	0.54456878028187	0.5422443419406542

0.6270429871834223	0.6023248388543447	0.6000221344856507	0.6706197041907991	0.47617300048581335	0.6474445297644075	0.5624898674969987	0.5016405372028935	0.5387172377269428	0.47122922666349565	0.6361936352036754	0.7140045910424364	0.5463065358193963	0.6116860924604464	0.49382960596431374

0.5208585916308224	0.4171292300892704	0.47053836211689426	0.5211208483777698	0.5740460546378561	0.5286227812236012	0.4671071493388436	0.4415666851637944	0.5463577386941376	0.3984988156872581	0.549556601419286	0.553095527168995	0.6063954855624414	0.5205464393859748	0.5410921324581237

0.5673078797005263	0.5183831954480111	0.5486771019357889	0.6253606149038469	0.5861340486423869	0.6819220783912365	0.5322164447135926	0.5193362972038429	0.593017894229763	0.4691705493935886	0.6284900474288859	0.6653857154886407	0.6159898937846247	0.6343959175988194	0.6185597570982188

0.5687688900164529	0.5177249197648361	0.501226401791851	0.6098304704360635	0.5652109384382416	0.6633833922661522	0.5117336366340604	0.4797204546445236	0.5872266256472314	0.44470036008700237	0.6235046399550654	0.6857841231471942	0.6764117131933014	0.5831325195653381	0.5805280492278655

0.582454657086932	0.5979138600309959	0.5240068569499631	0.610390456519533	0.513895869846009	0.6787284107267383	0.7054556135971614	0.5184051175851149	0.4908613564271759	0.46849555785982167	0.6453290770082315	0.6716181522065653	0.5957520313374973	0.6321073114624931	0.5654681888093958

