0.817664564485111	0.7532426413068511	0.7395458272478219	0.4735088677380159	0.6854532546177525	0.32906059150996614	0.5619357390543683	0.6498005571929442	0.6824417192441701	0.5232671392364624	0.6293338832331414	0.6147038335088384	0.3409656805576048	0.5674772223124651	0.6525696522398108	0.6478900289906079	0.6868328604998528	0.554220711348631	0.6066836468266315	0.5173148230352007	0.2525770173690507	0.7210101627560033	0.6059995885197305	0.7276299626000187	0.54232763302588	0.5821921789769429	0.6604790920511818	0.6847322212293996	0.6731680819656001	0.5568101995941164

0.5565663809866023	0.5552759104402735	0.672806167800831	0.4067597801115388	0.5585452966260486	0.24410984587148268	0.43734874812725594	0.5633527356719741	0.7013695698649305	0.5013288114835425	0.58920947743749	0.5305443575127851	0.308072901465817	0.4832201984614529	0.5920456618823444	0.5645192211840722	0.5678005854649371	0.4556549498317493	0.5244428754924673	0.43869836680898455	0.17814068308982264	0.5640532132152494	0.4954928464563188	0.5583976947451805	0.4542384485833836	0.4632276482445544	0.4606792500485537	0.5039324172207269	0.560374419493185	0.4541001854909219

0.630441882372599	0.5218571512914483	0.7342701765498232	0.4953590377853474	0.642126708004686	0.3624252920684783	0.5881037689566495	0.6033074929402882	0.6785788416555871	0.5760029402480498	0.5633378186345178	0.5928260541527769	0.35704150056292383	0.5550874438559249	0.6456515464577077	0.5845535566608324	0.6413668449327626	0.5001768707903558	0.6111181198921783	0.45565430679812347	0.2994772349364011	0.7364323781821319	0.5711653662851318	0.6186510112868517	0.6185749797758592	0.5630013445184747	0.6101017088409043	0.5026686197667616	0.6509271788161308	0.6175275704575627

0.6873003921103144	0.5649074948500578	0.7150016542250042	0.42810781241690665	0.618467166576818	0.3232135896377932	0.5745298261303255	0.6246834278513185	0.6935188231132838	0.53212572335486	0.6166047285666378	0.5997650967996727	0.41155363565806563	0.545935912180276	0.6836982019817452	0.6647952651949404	0.6405300273297613	0.49153442207610865	0.57135338709815	0.5112333844425336	0.22123979386190787	0.6604566944300387	0.5572344563463182	0.6115228925893316	0.5871736676937178	0.5241753776964548	0.6535857375600098	0.4972407735829752	0.6591003892808713	0.5373411970208681

0.6135291560854563	0.5575302942894299	0.6826479625513755	0.42052664052902966	0.5627416376133165	0.28059951563073443	0.47003472210211944	0.5742635359475208	0.6186504437463778	0.45110242744907036	0.5839105372657526	0.5219595802681072	0.3595818868366525	0.4764122558224234	0.5953538767079597	0.6192493755626557	0.5685066791626343	0.5134857907998485	0.538028987544618	0.48729900434190404	0.1967461206921754	0.6062521142234066	0.5480389251087598	0.5600402992001727	0.46136050839201187	0.48380150828182233	0.5125580584455875	0.5939542349783458	0.6102534960881747	0.4770581677150999

0.6270602804949408	0.512182418523954	0.6691580246506883	0.4358918591825295	0.6190500491584601	0.34569100067454783	0.5482947931792354	0.48315440273691446	0.5937408177173704	0.5885962794123022	0.5313436705342733	0.6123141421749104	0.4276435273454172	0.5900453353196887	0.5940208970581212	0.5415517018343057	0.6074203792723445	0.5414802926698679	0.5575975798037079	0.48436463799484664	0.2772979821432005	0.6259537469071856	0.5732603378612253	0.680309612578542	0.5307138770294726	0.5769637379187019	0.5261366414165138	0.6161075098278497	0.571493159249622	0.5340807867888033

0.7103197209808703	0.648934935401958	0.7593103638326617	0.46151700874481627	0.65288028091751	0.31660829279227215	0.5997926144828747	0.6474321295043766	0.7018195457462256	0.5377474939606728	0.638503852834557	0.6023193848457475	0.3748359117252203	0.5913068333874025	0.6766941997980709	0.6800379136951351	0.6944821808157885	0.5292687423745879	0.6214334038112939	0.5357787990720148	0.23950417166801213	0.6903804560994071	0.6418951350180864	0.6435906496403456	0.5511446259775584	0.5683508023552305	0.6693176110798746	0.5635021106978471	0.6428803884796999	0.5432898872255365

0.6187877600028864	0.6034725494781318	0.6593314028704984	0.3892638434459067	0.5814131135626339	0.2894943558690751	0.5117471841633036	0.5767028432820391	0.6322164756575067	0.45828539620449316	0.5222001554872051	0.5219300276063048	0.3933712785590037	0.512420445455242	0.5947324458131991	0.559838361888213	0.5346675655511608	0.45367836318296273	0.509186500628504	0.49084333968989596	0.224081663776976	0.6153972873492396	0.4806091208547746	0.567567800319759	0.4894847030117483	0.5279132033698638	0.5326305531866826	0.5438561442949383	0.552126903376368	0.5072109741780491

0.6430089444460094	0.6018338912326346	0.6941168826562523	0.4462714738626762	0.6536796229018333	0.2899230873928975	0.5272447308324149	0.6016901865846309	0.6474469199398322	0.5360730826872239	0.6162166331883954	0.5617494479036691	0.40176080546983883	0.5116814672140264	0.6198765210609515	0.69930530126067	0.5932443214295633	0.4961104709477723	0.6026246863974332	0.5479287641932888	0.2701571806711485	0.628791875469028	0.5679104574607048	0.710007582807072	0.5228655926958495	0.5578344705864728	0.5213838084999985	0.5652304576292583	0.6330027274669576	0.5234849412232253

0.6434813636576735	0.6219157643870021	0.6499697136201571	0.5908308502566836	0.900089084954373	0.3198114175457141	0.5677630244987745	0.6551976636247214	0.6047838252231811	0.539939514715762	0.5946276295814976	0.5819574478189216	0.42164020413712033	0.5726909725378124	0.5921223696159374	0.5757858624153727	0.5867061464558716	0.5771310834275616	0.577604915093173	0.5159071414397168	0.25628350109713893	0.6931167557147488	0.5345235961352761	0.6208101035284446	0.6485401498910985	0.547392271772509	0.6048853641869986	0.550736532079342	0.6580031809602853	0.6089862233457579

0.6939551965286637	0.6138111812685321	0.6571327997238687	0.4284276821137506	0.7409591395658797	0.2956150699941587	0.7953777414836714	0.7300800753526061	0.6031838663152556	0.5634513882374694	0.5750732590573508	0.5991690541652179	0.3837716652200082	0.651856535645976	0.5791685321888353	0.5704506390076881	0.6522571816032343	0.5741360196089076	0.5640880911655295	0.5594266621113937	0.2194002154519794	0.6684860964567106	0.5497193801648741	0.6311461949285606	0.7053027656299546	0.5930268294829653	0.707963902727091	0.5773000083804585	0.59378962682781	0.6933401715553702

0.6938274855257316	0.6368495742255815	0.7232506443415434	0.4955111466720791	0.7153635821780362	0.27817180822062704	0.5516589596520227	0.857071247235041	0.7337167226289691	0.5251692876930536	0.6712394729089873	0.5520568694408559	0.33279727623348143	0.60456136498725	0.7169289384072166	0.6699294028498632	0.6858922886200718	0.5653136572472892	0.6120563649558084	0.5649709910407911	0.2010976834976626	0.6594977848776152	0.5559578251672016	0.556332670681101	0.6526452296030001	0.5174621527601437	0.5411216662339962	0.5329703957829165	0.6598903563488578	0.5374830105512338

0.5668986160125036	0.5495323466930955	0.536312251632187	0.37973418500196093	0.6188016916787988	0.339814126351081	0.4840813480982984	0.5549159489763812	0.5076212452917316	0.43876955495850734	0.40272222938625657	0.4988277414704729	0.35639768840935027	0.5341889870676926	0.4774772687186778	0.4564785505505234	0.5486802572523837	0.47216530327459116	0.46914413090348817	0.4285239414652461	0.2443704128721242	0.552728562644321	0.47182877309509963	0.5871322670832084	0.6065343428849878	0.517459022575303	0.49196706477520946	0.5602509702178583	0.479562492300626	0.4978234440317698

0.573611170104639	0.4878764005199723	0.6070484731351503	0.4055768132281906	0.5742790698649791	0.2929346763453549	0.4425334218576923	0.5338814695297491	0.5772206879662694	0.5089864124749912	0.5340329572793148	0.6376828118974579	0.45331254662193077	0.5056064169546675	0.5664743726843104	0.5973354977802156	0.5481914667571287	0.47849594658334776	0.5196731758026059	0.46208720183287344	0.24003322853909234	0.5889932931641062	0.517461140673317	0.5442447303827506	0.480682177880336	0.47528615144136355	0.5872248425553258	0.5087281049619419	0.585739144338632	0.46949913919405384

0.6482856319935353	0.6290193805219777	0.649188647278786	0.46735667604137865	0.6387609985816973	0.289683126672243	0.5298661261323772	0.5629216987090082	0.6087461985958478	0.49932613973238993	0.535356378087955	0.5698249672228474	0.4610166490533685	0.5174509189668982	0.5960157620331341	0.5765703058343148	0.5663248743470481	0.5195415714895486	0.5838249925615653	0.49439366266478196	0.2501131751091263	0.6439823067390873	0.5655223467168851	0.6102878485965771	0.5389549997234393	0.5008554661178436	0.52662530531976	0.5108618686642421	0.6129940585446259	0.53235661278689

0.5660377990427918	0.513987500961897	0.5340984731100211	0.3886613670528223	0.5688064249849726	0.3426368325930855	0.4941599433783429	0.43221947422988416	0.507429798943689	0.45778099289389523	0.44543724495233483	0.6058606142746794	0.5060848546652043	0.5280877317719295	0.5435431339523558	0.48079103541457513	0.5414354203685777	0.47787720360518493	0.48868725270996005	0.4473377117787728	0.21848498114827067	0.5914593722754771	0.47676163529991833	0.5930472004106279	0.5151847702167411	0.5203730035893396	0.6208983706490833	0.525063804130121	0.5389113598352318	0.5025986103464704

0.551772141551939	0.5465209375453455	0.4329371819381073	0.3641738122892387	0.5268937847338594	0.2732624404964869	0.44916305793681355	0.35731772722999344	0.4750070918192562	0.43969616760344854	0.35555116382991175	0.5276874447601005	0.38092495998722986	0.43430601740032027	0.3958411294713132	0.4132307246522553	0.444284037193994	0.43884835682598244	0.39641556963454333	0.3912256352435238	0.1877949679730847	0.4832468277344311	0.4473493814892665	0.5204146900063836	0.3994093908879942	0.43324365090173733	0.5237605834794334	0.5589950375608818	0.4228271978607655	0.5414389672004252

0.5257960800797924	0.5443318942148712	0.5829280831996854	0.34567801461596614	0.529591754726768	0.22784770733171192	0.48937428440878394	0.5054152640730332	0.5879706596591389	0.444416363529163	0.5128565349934754	0.47783162583690364	0.3690041262741344	0.40265448333916387	0.49935642541268344	0.5403580596535249	0.48058725487019543	0.4152233846562929	0.4729869189481299	0.41961316736404275	0.16065305828549803	0.5206169698130214	0.4491498791484838	0.5176559739613896	0.4581813947039225	0.4126522422200426	0.45706616321238225	0.4716690983259799	0.53595612391565	0.47469212370639635

0.5966337843128102	0.5289086318046358	0.5929280026600156	0.37319102367935636	0.5748124688895189	0.2966811271535389	0.4309743108917654	0.5336668998976623	0.5693355969838042	0.42338572416135484	0.5070930943328017	0.556687736262995	0.37154201451122965	0.47068908172337026	0.5370910033938563	0.523575836050472	0.523986199557056	0.4865269604127863	0.5003261067526767	0.3944304685232928	0.23248915323566804	0.5844781401611912	0.5139228117939676	0.5024490182302739	0.4619593244315779	0.4586779719680537	0.5542382616646984	0.5411082249361424	0.6018486344347925	0.43464421902913775

0.6032056685000515	0.5783431692023215	0.6435750338485362	0.451037600344432	0.6137860977213592	0.3013120953130523	0.4750939194070286	0.5567398243038592	0.5898021339925607	0.4864717154118411	0.546656964385795	0.5667948479339967	0.47422026099789627	0.5372094405796726	0.592798549376704	0.591534123838084	0.548269908542941	0.5031404139847436	0.542450938174786	0.4430450958556664	0.2540895058509588	0.6154067421920308	0.5908831769093216	0.5792096068589572	0.502160140056027	0.5335851293142294	0.4797837470346217	0.6053238712544655	0.6219271760654166	0.5287143081857484

0.5776348443714887	0.6105850194265384	0.5899170687384896	0.41557650010235403	0.5768297207311923	0.2826984169417343	0.45956738843117617	0.5285456273982913	0.5579289000338756	0.530755126021091	0.5463818452633673	0.5224664635125592	0.4194762021540154	0.46553700360451655	0.51873847194722	0.5754334160456875	0.4987288567002581	0.4816024526334177	0.5004567485731426	0.4294676668310461	0.20923735449968817	0.5598874090075767	0.5127004078091267	0.5473488783321308	0.44431233268373127	0.4849708910739343	0.4771887333209911	0.5566475902908035	0.5932929957763118	0.4841664038138197

0.39754432939138074	0.45936310664600577	0.39392843610789513	0.3565818674033591	0.5426657567267523	0.3604201293829117	0.39468523520539667	0.31637045020066146	0.3877220823138954	0.37020859198105194	0.289002521472541	0.4933330571934742	0.42239460224059433	0.41456513417013735	0.4295434547286918	0.367435542525024	0.3847352061099655	0.5105163355875251	0.48853126875830644	0.36170885618772775	0.3568178496747881	0.4733450117322122	0.37076950024880273	0.44459234126726976	0.5595473950078909	0.41607038052470285	0.5605484816397863	0.4883762611228396	0.4278446517962725	0.36835265486250357

0.6576872505503599	0.6757478822704466	0.7036789386962736	0.49720801321132124	0.6714718894580443	0.3473371296287234	0.5354184157199884	0.5915486268293776	0.6535008106728332	0.5024865243396047	0.5537510632583365	0.5862853191216657	0.42820588121260544	0.5439086282850827	0.6214721714477092	0.6353809252974201	0.6239279503577901	0.5112103919682817	0.6107899761139889	0.49327110354367365	0.2618065682513663	0.6521449235295442	0.6007598557794914	0.619517188979867	0.528841284980629	0.5354942270818626	0.5356147518039507	0.5840593455015026	0.6585855845839212	0.5600989047764058

0.6384904967597524	0.6005401936097006	0.6716716045049695	0.4222463866597004	0.638569234421593	0.25758428111985643	0.5075777890015438	0.545367912149757	0.5629609104454499	0.43120037696175795	0.5442736069423588	0.4951208449885487	0.33004405554266936	0.47354834881141483	0.5529301271694848	0.5788855995960698	0.5428599325939044	0.4927095610281562	0.5374565880576281	0.454791437165438	0.18740986759823092	0.5682683774335444	0.503977195457803	0.547490382592463	0.44918930975690674	0.453552883260844	0.4881110545168269	0.5198763140239289	0.6593573327939172	0.4610021860042961

0.6359976396399649	0.620898674141686	0.6673225297370594	0.434046718780133	0.6271963518256549	0.31703432192848285	0.5024970581617993	0.554812050179285	0.6127730519722444	0.45990074847612034	0.512357270553275	0.5775439897395941	0.35041544420623094	0.513067759800546	0.5637069573194015	0.5911837564900712	0.5849061868115695	0.4822963487367402	0.5767425490125117	0.4711748086531702	0.24946637430942958	0.6009384922801475	0.552883599596672	0.5828266642759257	0.4849556026508167	0.49935132696949247	0.6317744035376004	0.5790414784463168	0.6011611031987253	0.4868716171055413

0.6657579595303478	0.6110120867513635	0.6516566065920553	0.4077198942417991	0.6331755047348955	0.3128867699443771	0.5345391803471558	0.5561895626645081	0.6770365639849539	0.44699058139467285	0.5413007448679399	0.5675908608364492	0.3714633615844567	0.5176983364554274	0.5799515319694535	0.600709132860792	0.5690402410562079	0.480204637773481	0.5207753506959333	0.5053535662457538	0.2435183119788012	0.5990880865251021	0.54447599002058	0.5784679391953422	0.5183657489224267	0.48764046425997143	0.6536838114710338	0.5572899425345944	0.627295945461372	0.5137457130109462

0.5864255498107604	0.5564067072475067	0.6094570716574201	0.3882190131011284	0.6338695159625405	0.2817268720377863	0.5560683430183804	0.5926080668016804	0.5236128099178887	0.47445701376206145	0.4850819331102264	0.5170812086638954	0.3778776080138416	0.5656989146026917	0.5121062392057294	0.5096524472966015	0.5287580952549917	0.49123907805075867	0.5135856119923781	0.5284441032441849	0.23458355811020715	0.5833451454472147	0.46746122808334495	0.6161468133402105	0.8446316056122819	0.6069563278632273	0.5818585662855646	0.5011566262743402	0.5379381954630513	0.5930688874872201

0.5987949871255791	0.5546771982918322	0.6497195480868588	0.4271968139757104	0.6040082488639706	0.33198807311906875	0.48165841080617156	0.5503246265189269	0.621182566589759	0.5188694656564192	0.5605767546293945	0.5984257205993786	0.4313057031523258	0.5580680727945891	0.6320085162134231	0.5668462019258415	0.5912772680522735	0.48050056133261143	0.5498567892049958	0.44957310536414347	0.2700115292329953	0.6013287393991713	0.5149480544836709	0.5394289553495315	0.5078280557032268	0.5820532296585617	0.6244709384614049	0.5060766057499819	0.6804224078830284	0.4832676930123031

0.6046927697423095	0.5185239139699568	0.5617184076211201	0.39455322947198757	0.588990424958419	0.2727051699318919	0.4974756684474186	0.4893320851375911	0.5178825341195976	0.4909074789302687	0.4597116047696691	0.5474107335232761	0.3858052624038591	0.49766938809433126	0.526326730668965	0.5161048256658345	0.5125573742618172	0.5325677165760572	0.5125891188666666	0.4789766640382873	0.2348298604364965	0.5967760495174415	0.5050245698010907	0.6017200912491701	0.5159134320245253	0.5162770217077501	0.5266240235272153	0.5326746717954404	0.5518476567376738	0.49856750108958947

0.5764735540074661	0.5646450640767515	0.7502428717745484	0.41037838659078385	0.560013866208355	0.2518570592081763	0.5147442474171875	0.6391130310424615	0.8305273868945814	0.5051508914324523	0.6003381811226383	0.5344631626082037	0.3551101550447697	0.5095718997171014	0.7018367038355372	0.63938355284711	0.6213136116017526	0.4412340006254095	0.5580645936976558	0.4669045095395332	0.19965529168579604	0.5906091592919411	0.5277525800879168	0.6365809892085019	0.4745986414277892	0.4889783290291363	0.4748723673322287	0.42476007974720686	0.6324276577234437	0.4478692230419763

0.5395740595281954	0.5354406131357179	0.5614547549730822	0.40919580734937544	0.6067550688371408	0.35505979924504094	0.5063569264365392	0.4478804181532886	0.5488973503276076	0.6327439568542367	0.48650130854208495	0.7804086269052416	0.6748801974036792	0.5612727194870946	0.5514331051876038	0.4383561181736142	0.5578815597848412	0.485141817577691	0.5415063475571367	0.4270590846096705	0.27665222681176194	0.556304911474276	0.4850030972644785	0.5844476289247258	0.4752288384434675	0.5221779760938627	0.5105001012912128	0.5373255969913	0.5363485899061518	0.482416193950859

0.6830495062308949	0.5504695755346422	0.6203931476525741	0.3914054865567863	0.6258087674477874	0.29611586491003006	0.5202773554546343	0.574776162984562	0.645118780844025	0.5567613612400476	0.44230403797678697	0.5755195591906735	0.32609519860184044	0.8586001733530281	0.5672994572666438	0.4771401292191029	0.7337555176432575	0.6594666881815648	0.5576058064220943	0.5894139135569947	0.20688929230508527	0.6454110312976443	0.51999504073227	0.6410434989505179	0.6454310497758889	0.5570019735946232	0.5502620182591753	0.5076582705868969	0.5300993976965462	0.4978959508089279

0.6123913226098692	0.48100582188732777	0.5714012408288325	0.3673493394026983	0.5862301151552984	0.2743569133506135	0.4710099359085773	0.46458735558378794	0.48627477014799253	0.5872850181239904	0.5164010121480378	0.609282621803091	0.4028291212052959	0.5769995647307107	0.4773823362551356	0.45018571798275264	0.5805834217620225	0.5671956626295802	0.5199628270824158	0.4497478293799026	0.19151856112602306	0.5910282928458512	0.5341295443865153	0.5593156340181296	0.47780978726609824	0.5353247087504319	0.5494088526234819	0.5160161538143266	0.46054799802122415	0.4914684535478118

0.5570125185519605	0.5288438915763966	0.6147819502004891	0.4417869278561624	0.6253054402640514	0.2537402627920467	0.46468307230566586	0.6655750405206573	0.6587820611748042	0.513881500429959	0.561342555059533	0.5573636222588023	0.3869428686415032	0.5511433453949934	0.6082833363171564	0.5628318223807198	0.5553614670288062	0.47900806509716926	0.5215814553770135	0.4650972282210631	0.19797150862714627	0.6027395000740903	0.4948468106002667	0.5195498727538447	0.5706650286880757	0.4704218814203404	0.48753381087914416	0.4677253059074252	0.5643124136622528	0.45240026347194096

0.6457042808055332	0.556806458054736	0.6476216895606766	0.45141957622635565	0.6340320723025206	0.26995004064519235	0.47326432409013736	0.5726643885281305	0.6025425971893074	0.5415774143736508	0.5638912623493169	0.6108432783189445	0.48198824886454683	0.5448454184132592	0.5745068327375302	0.5919993973069841	0.5853410388780805	0.5568172183732798	0.5742246995211233	0.44706732550735445	0.2485158446460274	0.6630932067722617	0.5521672379100943	0.5711141089307625	0.557682943711408	0.5042874339269646	0.622914680255065	0.49983435011728444	0.5725128525717467	0.5009380716192571

0.6089172632792579	0.5335831649439633	0.6130787179671454	0.40840657249166856	0.6125592298721392	0.286766105360222	0.4585822978106119	0.6528057049270255	0.5655551200098304	0.4521145527213506	0.5606558767519926	0.5113108780927396	0.3481227687098007	0.548636679500674	0.5689642234670836	0.5818105199469166	0.5254555958837319	0.5037960921482312	0.4990259504213247	0.46597130865324116	0.20563296009805437	0.6490152105231815	0.5004612036142309	0.5409678782671252	0.6198848444355947	0.49210187266274724	0.5218571855987784	0.5097742848778037	0.5172592623154336	0.49271186053949667

0.5262199326894912	0.4337359870369677	0.5176530493639366	0.3160700229484843	0.5265134628549903	0.24001834887826393	0.4014272238661377	0.4361170817952753	0.482011623920162	0.5496197460911721	0.4389195376689071	0.5005464273937899	0.3412146761601692	0.5033389350127481	0.4691314841251529	0.4197681322932397	0.5502304829711852	0.5364835224359237	0.4651435056235166	0.47981230495632876	0.1632986075400873	0.504437285389228	0.4276609622524413	0.58590167151938	0.435346016598764	0.46246761920153806	0.45408834588633684	0.4518602845020566	0.4467516501526869	0.410633606477804

0.5751776759230405	0.48781507625364584	0.597510826905155	0.3020040348637876	0.4892908163096785	0.2584984199861908	0.49784791977587006	0.522207411430158	0.5495073370328301	0.4477753316501748	0.4639971618217682	0.5312666882377353	0.4745643376444531	0.43307430772562405	0.5798956778693756	0.4782805224851633	0.4852491767124884	0.42720306187239887	0.4231141395803223	0.45842444984040287	0.1983052125953064	0.4969705870081691	0.4938539243621291	0.5930087714882146	0.47720187399370256	0.43491668129049277	0.47857658466977104	0.3909437839747993	0.5285631420046564	0.4013372860729698

0.7249901790042521	0.47111783596110024	0.6362241643120645	0.35429289263076547	0.6137598002389425	0.255558637450385	0.45267128133625534	0.4794057158675399	0.5241957957712052	0.49740173823798184	0.440337065429645	0.5956833661705803	0.3515595092431576	0.6974447245411333	0.5603608986266579	0.4616690482906223	0.71228869336126	0.7148545849962538	0.6251494590479281	0.6071050772865416	0.22438374370643902	0.6293861437116284	0.49957005789597775	0.5722806686350174	0.5079207549474648	0.5848395857303021	0.6207231378786575	0.4635885609561502	0.5125837308201197	0.4884413079355052

0.6897314005118405	0.5966009284035734	0.6091353884871467	0.39628928506629807	0.5544127036848648	0.2858154479779811	0.5112616402956198	0.49089952235873036	0.5374212487212012	0.5443231074742096	0.44800380478896884	0.5772421773586573	0.33975429099674626	0.6547880544901564	0.5665872418687441	0.45875688195439934	0.7582844899147991	0.6739501972803665	0.5334601709645899	0.630471604163148	0.25447332052400917	0.6537111958158571	0.49065196545431666	0.6189921891519312	0.5547033430278876	0.5422204915108196	0.5709786056319509	0.48029645238703966	0.5613352577860493	0.48559678972239706

0.6260535612620415	0.4867806551801558	0.580499197008751	0.37049466318852275	0.5635508992917956	0.300092735463798	0.4642847096344923	0.44884883798214725	0.5652090314698652	0.5276723886342058	0.4514048397054443	0.570364696798058	0.4149280270546041	0.5920191046825147	0.5154678613916235	0.48095518866411735	0.6270245232497115	0.7709849637272298	0.7166514717858061	0.5862265969666055	0.22157906793742124	0.6188967203456488	0.4892718175739039	0.597776789328331	0.5254705811763981	0.5042907007363753	0.5221270197850452	0.5433103484856244	0.5245503038596175	0.46546181629606015

0.6364795331261098	0.5896937787799901	0.5884970996551034	0.3713151622293661	0.49709958109382774	0.19556943417032943	0.5474290255219487	0.5124848095666917	0.5855594713496255	0.526092623044345	0.466324295101175	0.5095312738482435	0.3021576172494291	0.5644677706636876	0.5327838669300682	0.44637138431453527	0.6143240748961805	0.6287571688389322	0.48342172173402675	0.964304475171711	0.1756538578072688	0.551389927816125	0.3849012767353302	0.5828405695504715	0.5168403787535961	0.6110517619756071	0.5321747947551647	0.5061214229913008	0.5055760596524176	0.4822521776869212

0.33993755530507364	0.3098288466857152	0.3430629478834889	0.22107440238705817	0.37269395368213504	0.18154496698081035	0.2942861031102374	0.3018008295715777	0.3587342639530479	0.3672749803186286	0.31960534425835746	0.3627928531562268	0.2648479867761741	0.3236923760671224	0.342629355444666	0.32499706025995667	0.35987744314757675	0.3380887837118315	0.3193249978650221	0.2989356677278578	0.8656917963573023	0.3761431191569548	0.30722430411553014	0.37687806119816436	0.3367611523939017	0.30997829366504226	0.366841716652388	0.3324705671662518	0.35205191887036497	0.2882868106155964

0.6595658931578734	0.5255311009034074	0.6036959282493563	0.4255711307155964	0.5518841252030529	0.33592674769304254	0.49286195518365006	0.48852883057549856	0.5434129947202466	0.5321240887291628	0.4684050058246166	0.5865541157649838	0.38706416339343563	0.6000133249847437	0.5703982600753686	0.47278629639167497	0.6499801804503996	0.5847987209319918	0.538815487263864	0.5256229422828335	0.2631945737045779	0.6001464518539106	0.5984876070373353	0.6208761257725344	0.4842847997738674	0.5744224323651704	0.5210767244183545	0.559390225963722	0.5576367603915837	0.5255470098461955

0.6535759033710569	0.5098137521111837	0.5776215974225717	0.37026271717642967	0.48063237072043674	0.24365936634326174	0.4123409807733275	0.492343394399024	0.5213524088811929	0.4048639242593142	0.493979942118202	0.44013067604353806	0.3200664309299405	0.45797523381154903	0.4947945245053439	0.5333519132597796	0.5159366397401768	0.571817021415145	0.45693242245053406	0.47380995650712765	0.18870450565698912	0.5897045255777066	0.7320494504911748	0.5503168741092221	0.44422033778240133	0.4457896245949229	0.43616830400699563	0.5332924654766329	0.506569422379149	0.43335222100047377

0.5481953291241441	0.4817536486110822	0.5624251770808979	0.3421241027462419	0.5249604240029035	0.2448748387632964	0.42696717172548393	0.4775914430575311	0.5593407798020639	0.4495464740938606	0.47012740075081416	0.44015873631101987	0.3648975531900413	0.4093662606203179	0.5136327958475946	0.557217652640029	0.4629471168601226	0.4930970602338053	0.46761672784450614	0.46851340425821586	0.18998220354785778	0.5885528629207161	0.5774733433058633	0.5316872353314999	0.4295358684135867	0.47453968876683433	0.4570984495207101	0.5366065467766381	0.510830347860161	0.418818375709182

0.671393484943154	0.5577519028638754	0.6407034999262606	0.41492940527469363	0.6704095817282678	0.40041394732831687	0.5431530463248404	0.5607141471768564	0.5697920487929065	0.521119377164013	0.4745056662264392	0.6019368342977971	0.3689611007840041	0.6701864034012666	0.5649922560493137	0.5309267841029376	0.6629517667720266	0.6525176299128972	0.5676916612229608	0.5740583740872899	0.2532278625477502	0.6056886704573923	0.5599649993440707	0.7031635005804083	0.6588566340474656	0.5909126453043154	0.5588753938863973	0.558286054514442	0.6204292967558904	0.5358203368356111

0.6550555787386154	0.5929402969274918	0.7080398088289663	0.45535592258102703	0.6879660395160928	0.3148416211089827	0.5050501779084329	0.6129812757966179	0.664735616405033	0.5244057555656535	0.5725964296388588	0.5617835957608711	0.3614816234846593	0.5327466582246896	0.6246141434373509	0.647020164367414	0.591702970108404	0.5541952201386775	0.6011120080172487	0.564653578160767	0.2668753072858799	0.708434406186127	0.5524471362635675	0.7735997770167203	0.546293313332759	0.5864551758504396	0.5493851932285228	0.6013095997736008	0.6430100205003884	0.5338598850391604

0.5425417249121192	0.47024983793373454	0.5281461095205735	0.39553079249914025	0.6336761498567812	0.25086832229711314	0.4602547200639924	0.5560198157230485	0.5244516089341408	0.44738952142309885	0.4231665255011612	0.5373944748538972	0.38133777050555234	0.5294681206593639	0.4944201071361013	0.4309759571282753	0.48596203180371683	0.5177240500536145	0.4733504623623808	0.4923004404409125	0.24662169458514765	0.549644971481813	0.4639423882633171	0.5651111846371955	0.7761953331683096	0.5741663786628152	0.5071668822383959	0.49932498366019773	0.5230949893856424	0.5072534687893845

0.5519021503945342	0.4793633965576648	0.5657356048005107	0.3473626032658972	0.549210486227442	0.21610123803110798	0.4598062772775643	0.4851860460337183	0.5297987041115362	0.4867166127581887	0.4541029280767226	0.5643006872209892	0.3743154343613647	0.4784142466956157	0.5210957132293944	0.45265496211599954	0.5529503286381957	0.5338946768517097	0.49330250559368105	0.4942490067171068	0.21694470906093477	0.5808674668759666	0.43078413023729945	0.5946902576005322	0.5371702234187584	0.5616773702183662	0.4957301149123119	0.5021842679936596	0.5137293338640374	0.5046539093774085

0.6412117759369884	0.5842309689282308	0.6962217689190987	0.4332817997120677	0.6318236975080112	0.23330078207829041	0.4819336639974524	0.6653304750227129	0.6392693510014973	0.5125326237754548	0.5634458761800994	0.576293966480906	0.300824491441586	0.5662658975936421	0.631011458362537	0.5407296973079773	0.6578081756470001	0.5559584161369371	0.6168786494027435	0.5082980071795229	0.2166104475652686	0.6638162209843901	0.49388661559432545	0.6481502356450648	0.571954591273574	0.5586452032441365	0.5544608688175192	0.5256826267479945	0.5974851854835077	0.4832705193113416

0.649708190578676	0.5687052888524979	0.5774383074010652	0.43744343664480406	0.5936735272477759	0.32490358719689727	0.5185221118393281	0.49472662883569873	0.5478234791810566	0.6059010629575904	0.46045566565427637	0.5240493358560694	0.3947342782434847	0.49700184701136413	0.5129635253833487	0.568432080814026	0.5340212969776772	0.5232368450709125	0.5118826359770738	0.5166627844184026	0.24400839595437707	0.614901239690756	0.5031671369099376	0.7681266477295561	0.51449675057309	0.6000669659412697	0.5033593753956943	0.6798318291499881	0.5373376144490263	0.5134535877268422

0.5310743226496999	0.4629727776503788	0.5294876575909834	0.3076360960146781	0.4681318455265798	0.1984999737903792	0.4185349732866899	0.43323108996651694	0.48712014569182027	0.4660149119077345	0.44552348709019385	0.4859860692484948	0.2981245793813385	0.450372688749735	0.48349558025865663	0.4349254604265276	0.4894972053009601	0.47013909806770354	0.4477195716855942	0.5230441613645683	0.16538469209945972	0.5412305548671562	0.39748722153851246	0.5552646467254825	0.5774433138154967	0.7672007398587724	0.4732461971107243	0.468554168282296	0.4529814423156053	0.47780728284371926

0.5660171378182528	0.481849440140536	0.5752234573349553	0.35137897938255847	0.5827942490486239	0.27742049741477215	0.4535534604749301	0.5113240587915555	0.6025737810163283	0.5045785726886005	0.4090382124514559	0.548164724891845	0.3232291277244321	0.5763941692242635	0.5249182981459682	0.4528695941780326	0.5994247097381744	0.5714812244136193	0.5312233781771956	0.48131620731454416	0.20335235194908546	0.5400207485023334	0.47201549495552375	0.5992196507418361	0.5914963913466961	0.549644902614874	0.6101851221228176	0.5108440422232184	0.5054895087723006	0.44867426528217713

0.4644719009090719	0.4148915837491927	0.3393730531143715	0.23654246221561298	0.3950257219769233	0.17306867368184878	0.33577521909361796	0.2752199185767569	0.39345731739838524	0.31382787491990133	0.2651989158978705	0.4024063666762547	0.29001735203633805	0.34696963879384213	0.3279664024256734	0.3262708414862372	0.3400585798514731	0.3642620308832984	0.29953671070625215	0.358849354738152	0.14329190365817	0.3895019158089169	0.3254049727208138	0.39357364554503416	0.35386091446818263	0.33676737541332114	0.42127838434251563	0.43729068029502177	0.4095322273417557	0.33846685259576187

0.6013282156615893	0.4745130356314381	0.496513279786323	0.3185187909509916	0.5294589751488492	0.26761567314145124	0.40673806662170386	0.42599551952905435	0.5279503106941876	0.42270300400486366	0.4080308611566352	0.4610356969127676	0.322305510673038	0.4635490829486385	0.45567524884155525	0.45391108058968327	0.513771530089743	0.5569749594220359	0.4233220349701621	0.48330819337523057	0.18005406372086835	0.5724825490968621	0.42265312740028255	0.5541292634233524	0.451851941307943	0.48546550048159476	0.46618181296698397	0.5353426205414991	0.5228050307160508	0.4327717274567644

0.5787369876483444	0.5369897203718862	0.5976953944165571	0.38695942446104664	0.4989563596665084	0.2574392033315887	0.4158149534654581	0.4998629493920501	0.5439272162720017	0.4190704180002608	0.503869118673021	0.4836402122857768	0.33456636696091924	0.4430151187577813	0.511523439689314	0.5357527376931537	0.48533565048858107	0.48189449848769855	0.48019412953370844	0.38611640010260395	0.1979146055995546	0.575034142714105	0.8515762886314386	0.505065482482231	0.42043816581659776	0.4462873739056651	0.45325491535983287	0.5173688863315071	0.5226524696909767	0.4626818681567413

0.4975359084777575	0.44186199643156654	0.5379736386503255	0.2941160908692094	0.44564607297363557	0.2220580873171813	0.3734806696348064	0.4704596398177623	0.5435615011879135	0.39626576027704197	0.45409952022463007	0.4342673502240225	0.3040313853721329	0.39900933091293134	0.5094636035970722	0.5289848382970812	0.4485395769143836	0.42218330698363815	0.4407181027604672	0.3728189299882237	0.14137604981354635	0.5340288457167754	0.5047913516781901	0.48003982159591385	0.4154966170820461	0.3990203784942295	0.4197697717903768	0.4347078490149547	0.49398247051215716	0.394808353045307

