0.7695373632176825	0.23152770573008746	0.33151115037035156	0.31415152428535753	0.42019296173732346	0.5077016422766405	0.31165473536298094	0.3653267683254381

0.7160691381648526	0.2951687215136092	0.3583635324963656	0.36700079542501685	0.29767774520435647	0.5643469169149825	0.2942124747737126	0.3191210825358065

0.2957216484347973	0.3383030581575378	0.36088854280394916	0.3951438689377641	0.5058940520413848	0.22356148386332625	0.38202746344732363	0.3766046851515119

0.35779466531843473	0.6396757441533559	0.5757686895276012	0.5439305909488086	0.5515533090614227	0.33127795456193376	0.44695502848762897	0.46938769861606955

0.34855198941984	0.42356926004427253	0.5291255490685873	0.5285747773533855	0.48529614606333193	0.3066162235565568	0.4390436623144299	0.4632649419868463

0.2686241734799062	0.3928182505026923	0.46551436344874225	0.5455755377544113	0.45915889907130036	0.21987320965111207	0.40525611450627375	0.40208372420616845

0.3473140464787652	0.4312947533132982	0.591026607871296	0.5104361405572251	0.6223629343973994	0.34185845410673116	0.4808278910527469	0.4865714286055375

0.42104293644404844	0.46001568804952936	0.605720077636146	0.641142443241162	0.4350165761166704	0.32881069055651074	0.5167218421155071	0.547982175068475

0.26636769275971167	0.3732211234053407	0.4893988418331819	0.4667104549224391	0.38552172577968474	0.2765249561297842	0.4153583111014589	0.4077455319168615

0.4713217432703519	0.3998259896347171	0.5691092434079809	0.517216906306813	0.4233486969855461	0.3242376699504856	0.46139449309712577	0.46826374670654614

0.40854248523749054	0.5311987853954587	0.4369583054753139	0.34672017476649086	0.48925575597680315	0.6208403014952655	0.4457130124737365	0.4274503301064121

0.3150674637421317	0.393516963541078	0.5331981693306593	0.46495992608093634	0.5499575608488745	0.4290179557667599	0.5305814725349692	0.497076375067351

0.4424640974616899	0.3429997808050088	0.513836766784673	0.4914341734384187	0.5523650225968463	0.6190749131248238	0.6044913046803193	0.48354755713537856

0.5225953173826055	0.322045643063968	0.4678942960670204	0.38711486429186226	0.5356222844929636	0.6715150597688142	0.418809732688851	0.4417878455397346

0.4816360048475684	0.48129250445885485	0.5796626879854494	0.48795092647889204	0.6028449152611646	0.7839073893276278	0.530915836209892	0.5046070826353781

0.3960784800042306	0.39396710346186886	0.5274726508663172	0.5059795895966311	0.6007399104673206	0.3117720417379246	0.4822319300795418	0.5338731571273608

0.32909050125084194	0.41752659063704234	0.46745788937551336	0.49109025911049975	0.4255415481849317	0.44508012105764966	0.4838887948442324	0.4586865407011139

0.31267744030587796	0.508674437740352	0.4892083206905499	0.45175918728333464	0.5797541056996385	0.40623530201529523	0.4012218366134358	0.4450212515823846

0.36002097956425927	0.4504720451609593	0.5864832410955323	0.5364042252594815	0.5508076034947611	0.37713204974949044	0.5167145356369006	0.7460088661327866

0.49725425065884704	0.4134932719362687	0.46287595765500467	0.46173727470846504	0.5000393291600553	0.6171406393720369	0.4128032375775228	0.4092351740456906

0.47584170958392147	0.31080751814256957	0.46017331282808926	0.42198812791690543	0.38164906946626653	0.760747514668145	0.4582859686104276	0.4292679630194484

0.290135174674465	0.3516055287016512	0.46214131822029875	0.4464293760654772	0.42596293857268974	0.38140246332438404	0.47330265180824144	0.4258869813207287

0.3424033381935022	0.34270264017754615	0.5881819209638156	0.4640434974834823	0.5261438856432477	0.3793638303344747	0.5098729807901	0.47001514890604695

0.34815912956572237	0.39083357707817906	0.5163951900732808	0.38487257852383433	0.5068430975034247	0.2666381355014964	0.3654033408543066	0.48896127693366476

0.478158970585233	0.3213544799492724	0.36661580560823787	0.2960682332755	0.325920486127076	0.31907698037879323	0.33980252561792124	0.5793153118533086

0.0	0.0	0.0	0.0	0.0	0.0	0.0	0.0

0.47815897058523305	0.3213544799492724	0.36661580560823787	0.2960682332755	0.325920486127076	0.31907698037879323	0.33980252561792124	0.5156291883598538

0.3520262615031901	0.3539339472733005	0.4948677615481397	0.3902877674571462	0.375489262273732	0.32919483918091225	0.35754663543679016	0.3657964402204029

0.47815897058523293	0.3213544799492724	0.36661580560823787	0.31593313211529944	0.3299814798319097	0.31907698037879323	0.33980252561792124	0.5265017915644264

0.10849676121201565	0.14424212819075805	0.15874255663377887	0.15448242503208423	0.2452469359844024	0.05425119028454067	0.12178984586690941	0.1318638965513474

0.478158970585233	0.3213544799492724	0.36661580560823787	0.2960682332755	0.325920486127076	0.31907698037879323	0.33980252561792124	0.5156291883598538

0.3167670201356871	0.38949274840336684	0.4684607225239922	0.40740878534577357	0.5269674472229507	0.2666700266711117	0.3418037101703661	0.421990018653451

0.478158970585233	0.3213544799492724	0.36661580560823787	0.3159331321152994	0.3299814798319097	0.31907698037879323	0.33980252561792124	0.5265017915644266

0.2745780190862448	0.3881895556722046	0.4569021151509881	0.3906638536593031	0.47086640923533407	0.41181058743469723	0.3723607050681802	0.46041143877230584

0.5444020716283688	0.32289583350864137	0.37058039052093456	0.3602570386519767	0.33905014198048977	0.3190837163434576	0.3434533680538332	0.5280479891026777

0.31439840736881486	0.408246667556149	0.5051396611845402	0.46086952399277	0.5357767622056389	0.32968719100075716	0.3998067230649385	0.41054077079598716

0.5413708922212321	0.3213544799492724	0.36661580560823787	0.3351639013460686	0.3299814798319097	0.31907698037879323	0.33980252561792124	0.46281566807097174

0.2659026620722132	0.3092427093268152	0.3656726995033792	0.3407348687670744	0.337816300346889	0.29097844212276713	0.31525648717933896	0.46860304751196225

0.47781453080921593	0.3213544799492724	0.36661580560823787	0.3159331321152994	0.3299814798319097	0.31907698037879323	0.33980252561792124	0.46281566807097174

0.16370854689607356	0.30432233489537786	0.3274950802236848	0.3029019761060363	0.2764309629495988	0.2532444093377839	0.29322658803973267	0.2601165654743622

0.47781453080921593	0.3213544799492724	0.36661580560823787	0.3351639013460686	0.3299814798319097	0.31907698037879323	0.33980252561792124	0.46281566807097174

0.3394294033556313	0.38698153682533104	0.5100014130501178	0.4249137426554367	0.45534955621352413	0.379278724401396	0.4313068407973478	0.46992588156237247

0.25558165431637514	0.3012271134164165	0.41100402419599036	0.32957997236079273	0.37003998329858745	0.2952264409710432	0.34583973955941016	0.37041163902888474

0.47781453080921593	0.3213544799492724	0.36661580560823787	0.3159331321152994	0.3299814798319097	0.31907698037879323	0.33980252561792124	0.46281566807097174

0.006071417651584113	0.0	0.07480401558221449	0.06678991777733467	0.11259691336508088	0.08883060618779966	0.12662161591693843	0.03007799581876704

0.47781453080921593	0.3213544799492724	0.36661580560823787	0.3159331321152994	0.3299814798319097	0.31907698037879323	0.33980252561792124	0.46281566807097174

0.14032475480111561	0.21589544566015398	0.27500036518712917	0.2837616706442415	0.2747087726633599	0.2868091518604946	0.29295813812764293	0.2982026062970494

0.47781453080921593	0.3213544799492724	0.36661580560823787	0.31593313211529944	0.3299814798319097	0.31907698037879323	0.33980252561792124	0.46281566807097174

0.1988114583506631	0.26781439014047514	0.35210880906505304	0.3088404746864165	0.2750401949961509	0.2059778234640165	0.29459107231647774	0.23982687090980057

0.47781453080921593	0.3213544799492724	0.36661580560823787	0.31593313211529944	0.3299814798319097	0.31907698037879323	0.33980252561792124	0.46281566807097174

0.0	0.0	0.0	0.0	0.0	0.0	0.0	0.0

0.47781453080921593	0.3213544799492724	0.36661580560823787	0.3159331321152994	0.3299814798319097	0.31907698037879323	0.33980252561792124	0.46281566807097174

0.11275514377222023	0.1160656193629892	0.1904384659567959	0.1318913907421115	0.19503439849118148	0.15827243021462575	0.2236868025038788	0.1804778123153498

0.47781453080921593	0.3213544799492724	0.36661580560823787	0.3159331321152994	0.3299814798319097	0.31907698037879323	0.33980252561792124	0.46281566807097174

0.10073527239898311	0.16779725205989762	0.20859674032202347	0.1947725781704191	0.1725662349292303	0.3143503756281175	0.2738760673183677	0.24906123750627168

0.47781453080921593	0.3213544799492724	0.36661580560823787	0.31593313211529944	0.3299814798319097	0.31907698037879323	0.33980252561792124	0.46281566807097174

0.12453613732063612	0.246867176261082	0.2998474349371366	0.23656083975009118	0.2809692748414037	0.3024640436587781	0.3387500965761804	0.3167227622055213

0.0	0.0	0.0	0.0	0.0	0.0	0.0	0.0

0.16987336872278266	0.17663104005947106	0.2454267827242797	0.1940951341969054	0.2656932339829079	0.16669653870189544	0.18434942563781015	0.21467518460419444

0.47781453080921593	0.3213544799492724	0.36661580560823787	0.3159331321152994	0.3299814798319097	0.31907698037879323	0.33980252561792124	0.46281566807097174

0.1146773407388331	0.1986581311482486	0.31155782262838627	0.15041206625987907	0.2820765491643481	0.30073327813131256	0.33122332829772033	0.19584683735605546

0.006071417651584113	0.0	0.07480401558221449	0.06678991777733467	0.24396520042659453	0.22019889324931333	0.25798990297845215	0.03007799581876704

0.2103022808037548	0.3478643736038192	0.4174941798918416	0.39175041788070497	0.43195329493967766	0.4099832994186018	0.4133135831877759	0.4662884559005627

0.006071417651584113	0.0	0.07480401558221449	0.06678991777733467	0.24396520042659453	0.22019889324931333	0.25798990297845215	0.03007799581876704

0.35071250707835905	0.44316105534434214	0.5439294233056504	0.4573653151580614	0.5443350869096986	0.33139196952172995	0.39481539085385375	0.46143150925966137

0.006071417651584113	0.0	0.07480401558221449	0.06678991777733467	0.24396520042659453	0.22019889324931333	0.25798990297845215	0.03007799581876704

0.2462026510148522	0.27417942081401214	0.32351272618148297	0.3034027018158063	0.22903739051492378	0.13296481650888062	0.19422674109174137	0.25592988378648707

0.006071417651584113	0.0	0.07480401558221449	0.06678991777733467	0.2439652004265945	0.2201988932493133	0.2579899029784521	0.03007799581876704

0.2543507019742993	0.29372921852437583	0.4000240204556193	0.3111807660818426	0.3820069715929686	0.18373902102700307	0.23446046502855086	0.31927781678064887

0.006071417651584113	0.0	0.07480401558221449	0.06678991777733467	0.24396520042659456	0.22019889324931335	0.25798990297845215	0.03007799581876704

0.3524807533040043	0.44337714467157113	0.5439959422062797	0.45609258620873194	0.5442903366296861	0.3314566977021042	0.3947950047662366	0.46289884077106236

0.006071417651584113	0.0	0.07480401558221449	0.06678991777733467	0.24396520042659456	0.22019889324931335	0.25798990297845215	0.03007799581876704

