0.18525092863877896	0.22885211835472452	0.23450194664408552	0.21921855194957351	0.18588696593191867	0.20562467703851184	0.28427798102278284	0.381375685743376	0.21583140315264926	0.16019695619187538	0.2788705865722537	0.285461233283942	0.21109552174540352	0.24079991497553901	0.17558103606573672	0.24057546707964364	0.20072352569305177	0.17997566482792351	0.32433704055563867

0.6164062756533724	0.6726325832360627	0.5894444671688823	0.2778388656706975	0.276285817629907	0.7296646712898325	0.502557915306976	0.564966472683589	0.6988678981696098	0.29443642281283156	0.4102320758132326	0.4359553165689582	0.3310194416315221	0.411221565269031	0.34033742103261827	0.4255806064462532	0.6337725796401167	0.6868825874456778	0.4880822070026662

0.32281709260567903	0.354955090753272	0.40182534906110967	0.25955669961123795	0.30461826137347137	0.3727788466589461	0.48819552297166247	0.43442158030809974	0.4516148783685453	0.4098406971765942	0.48973030036505194	0.5236338661327861	0.437580040697635	0.5075059555735774	0.3891588077280984	0.4832983105681663	0.49134560969688057	0.3272969798104156	0.5216435626212899

0.3400927204113782	0.4163242863086506	0.5201473692218318	0.37020088055958406	0.45530949303307466	0.46874278912742684	0.5674333644298121	0.4412674590437843	0.47486144533550717	0.3770344707960299	0.49306891697310834	0.560189896274619	0.42403669488394274	0.5151159923842804	0.40039366403583226	0.48299168071742604	0.44355661479819297	0.3669757745194776	0.5649404192973377

0.349518281838219	0.3821493603459525	0.49907756247206236	0.2693464822967837	0.4906778103329642	0.4791079682844623	0.4437316285969557	0.25388266688058203	0.31289753348442606	0.2605994200181727	0.4485123227202401	0.4643281062263881	0.354933721112446	0.3714347751575643	0.37087087650649775	0.4283299424329969	0.39527071260893876	0.3439049891739152	0.48143759683210385

0.5391194462254614	0.4921958648390373	0.33446477712989137	0.4284758228454679	0.4172748143309136	0.4075457696902959	0.39037639037891037	0.38543319740150606	0.2913787941307917	0.40250908550818965	0.3850698447593828	0.3792069359678259	0.48376797027608276	0.46944281880769656	0.2914322157530983	0.3897741348768869	0.48142070939992254	0.5729453931649703	0.4670774261404499

0.2958559477676705	0.3954440901244816	0.5136641130931086	0.4841515886701814	0.4632454155787955	0.502735893422017	0.6004852672519058	0.39037176037958565	0.48993064760503835	0.43480472444346135	0.4646904927954577	0.5203340712757974	0.4343255669541495	0.472520229982774	0.3783761282540261	0.4786762399572846	0.47320796815833677	0.3804018742198254	0.5555244891363049

0.25192202608073533	0.3766611021194035	0.3976992783029308	0.2715520996438844	0.2757815184604957	0.3601896410761011	0.48939365064054197	0.24948972375571335	0.3820367871214354	0.2313609406993643	0.3800070549337709	0.45279429187758014	0.32909063332491617	0.37081528212871556	0.29474644264926164	0.38028784023655	0.36669881523591413	0.33707705391714127	0.4994241683868997

0.2398255110107932	0.33432632410578444	0.4313908089206109	0.29347458543696303	0.280150396465739	0.36280599734897834	0.49180409589957896	0.2806762688650517	0.43301359930531613	0.25232237353847553	0.386650035437312	0.422243674870209	0.29930663800955337	0.36559831326181447	0.3052853196727061	0.3566738624640426	0.305876218399628	0.3054399449681543	0.510415385805058

0.22670863568443783	0.28076582128676364	0.27407827103342575	0.3135496030203517	0.25876992382265057	0.3113876913515712	0.3268322235874065	0.22979689143036067	0.2907003565014362	0.34971466758596015	0.3327707592476289	0.42998835029343996	0.3352923014511495	0.3632129295845961	0.33714310188019425	0.41407194799450797	0.2971431393107842	0.2357339575127921	0.3746822219593899

0.3220633083223331	0.3609094265235352	0.4167094724259578	0.5749973697635006	0.38637057005672076	0.3661257554720373	0.48780420052463813	0.34542883767780586	0.35163720367838047	0.5504601762428583	0.46069155247085314	0.4805812968958811	0.5591369497620203	0.536202970449951	0.4084321582722657	0.45268017445933595	0.43008191636486187	0.33622441881032683	0.5421510034141437

0.2856043299729411	0.30128152557413246	0.33345245280016966	0.540538702424492	0.3494605420410778	0.31206591593614064	0.4119943540988821	0.3529993232579516	0.3011611482452846	0.5419978052577241	0.3653251161204827	0.4172481206581037	0.498974394062479	0.5373323016902332	0.27211854334033336	0.37457087717423354	0.41268285549142003	0.2761657402281575	0.44892033750837124

0.20397853214264733	0.23152903538605185	0.2481870998671868	0.18427704295351446	0.1881867151154803	0.2017853330183333	0.29279186214986247	0.25492552998817863	0.24064688298941705	0.18992816760388742	0.2704855000631087	0.3411254734365447	0.2405882429916753	0.37020856242182887	0.20690794349682295	0.2646884082512889	0.29716445965101834	0.18750986499436353	0.32727624801931193

0.23076377588694852	0.2756412138697335	0.6553704514503069	0.31622624056049053	0.24070738528747404	0.5701409558533708	0.45759833387118815	0.22853599090174728	0.758085855661337	0.23856926810659018	0.36515206154996926	0.36753063680547293	0.3078053562333768	0.29115232188287826	0.32273892152617334	0.3559639817059421	0.2477919654158834	0.29160181863973295	0.41002150426622885

0.2864476173943358	0.39193367172235916	0.5327304225691144	0.38743663228828734	0.5363520613006207	0.527249350614796	0.4665382454319601	0.3234052588318249	0.3854845384109786	0.37705887264045057	0.45755843841941884	0.4972729094206423	0.4093472242813503	0.45140709617717517	0.367487422334683	0.4497528961517172	0.40860467294069325	0.28716111915285647	0.5068553991770102

0.32819970378967805	0.4004626346725304	0.45920138520626474	0.31798957367825526	0.23747773513049822	0.368739318037887	0.47017083706850504	0.4353701074766696	0.3567139664578709	0.3330785429774229	0.4031105447170744	0.5031731296718547	0.24438445723082042	0.5471381460767781	0.3109336393393778	0.39276676816269795	0.46419386756158953	0.25436649509572196	0.4580155173742597

0.554851171668634	0.5850459124816125	0.410111621276412	0.32260561986823877	0.3636506361268278	0.5217736725329185	0.43965611548170147	0.46893900987485304	0.3257608854968415	0.24779611626430742	0.4395119118481573	0.45869016505071514	0.3896630732305302	0.3928991952128704	0.34678019905512736	0.4178746243419588	0.6109074520433275	0.610958048541025	0.5323085005341242

0.3658190094458701	0.4078260464340938	0.466808696304058	0.3584408057174143	0.43468909167835657	0.42851467452255376	0.4982918358698383	0.34884621009792866	0.37433272549871277	0.31032535617072876	0.45530039626364693	0.5073298222714195	0.39784324976200724	0.4862337245857574	0.3569097664865426	0.4505809891496837	0.4327648307542943	0.3591510322964411	0.5380949070274086

0.3424566241100069	0.37256012189680165	0.40128466195336976	0.3325380346088386	0.38022163937037945	0.3671153988793131	0.5063061332622969	0.3534363817103308	0.3532215993113711	0.27407826052676465	0.4304772618699013	0.4947134080152453	0.397412669675282	0.40542517537028283	0.3433856890722774	0.44902278553993435	0.5101820793036781	0.3731774819309658	0.5739659737452814

0.28481781540192574	0.3408490746045763	0.4741713804967306	0.3131583839591189	0.4044025148744504	0.4461387337491539	0.5818725706183944	0.3259216932503487	0.4300981560723699	0.2743467602457232	0.4751593444952276	0.42948016131728733	0.3802565276557993	0.4283943733224611	0.44692328519087265	0.3622437378668019	0.3383871915910521	0.31061451578206367	0.48404934178041736

0.2655973794405089	0.3542547921155337	0.42941729857104083	0.301675910276725	0.38754448530035895	0.41306546643465136	0.4073370916498952	0.27371639460308916	0.3991758928178916	0.32707060333246696	0.44450763335577453	0.4385472897211754	0.3508514120332429	0.40412072413161537	0.42974569069508306	0.40085256881698683	0.3353922944751666	0.34425255222668616	0.4894824745166093

0.5371958630258977	0.59203329594322	0.3941179791150751	0.2985554722344761	0.2998741211507991	0.5215009043511947	0.42667002937605414	0.5018029683225649	0.3736099512440614	0.2860872802210528	0.44177532150789844	0.447785632147242	0.34358720174975454	0.4028964846403192	0.3405810763084717	0.4241557315465011	0.5950198823265553	0.5813333865579046	0.5045032668969524

0.39376155012591807	0.43192593875608604	0.5280774517879475	0.3329317477130101	0.45069985264478396	0.4591691631968836	0.47823249316529814	0.31656018181537915	0.3524990240933288	0.3136395908565925	0.5030810344615255	0.4913840854061484	0.43150502190692	0.4472977843603787	0.4177085817681645	0.4996187890181111	0.4732139272535478	0.4069922120176827	0.5540236470553012

0.3615619348156137	0.33263755449945465	0.462084154345956	0.2483990280500628	0.3187276620508593	0.32353753467973645	0.36490950201549405	0.26013721398343226	0.30165173318187377	0.276762340040138	0.3810644190136328	0.4383653824918026	0.3460195634422192	0.36236540589439686	0.30147595961866536	0.40181182414598593	0.362723750111412	0.3826825727613161	0.46155462582332507

0.5991995572815624	0.4646614065292122	0.5289371398377544	0.5840477118719615	0.4537314082908198	0.48905246479873365	0.6208022304210545	0.5751656034752615	0.5112896076379969	0.5700223977214516	0.6260986519329476	0.632230767639461	0.599241513237325	0.48335530333901255	0.5964474493927647	0.6147781335803333	0.48991010347716946	0.49385520067657257	0.6440652139102798

0.14065261855608696	0.11316809347957112	0.16076205190959192	0.11109208773112797	0.10566229913339077	0.11858954023061433	0.1607591744690863	0.11547493360076054	0.13810585544554527	0.09680113610103816	0.17245024508614135	0.16851841300580067	0.15426625062899568	0.10961863934316628	0.12694822929007016	0.1448183821747639	0.12185311243657344	0.1215100075916971	0.1743896912842099

0.5139516266800711	0.5381344486464453	0.5334795444054651	0.5543312572099637	0.5074640144693514	0.5420781888079428	0.628820287338916	0.5848040259567551	0.53997204977214	0.49493823356382155	0.6387825565622132	0.5902773698558679	0.5274991139519946	0.4920645704787619	0.5255714819287359	0.5457620152118496	0.5513152291588049	0.5440653352609255	0.5970210707550231

0.0	0.0	0.0	0.0	0.0	0.0	0.0	0.0	0.0	0.0	0.0	0.0	0.0	0.0	0.0	0.0	0.0	0.0	0.0

0.34901320075050324	0.39699708611838763	0.43068388589440854	0.4362443216894064	0.33014600227376334	0.3984388078240685	0.48371778022445755	0.40703698937860455	0.3568839242336892	0.33257519133694896	0.501593527877768	0.5123420728913917	0.35847322266490145	0.4127459423418918	0.38065026485268927	0.40190887564720995	0.402946143171786	0.38837708287040296	0.46749783967597747

0.4081286027828206	0.3837358981539496	0.20606719394292758	0.3732988358415931	0.35477988099259367	0.18565931171784386	0.2000440270157469	0.16854343386934767	0.2853845101459964	0.2773695341481867	0.2989541483994197	0.20747164913783475	0.21125871624089132	0.39571185315924207	0.18521288857468848	0.2262975744456538	0.29864885621751797	0.17960959513168556	0.22305662516535724

0.0	0.0	0.0	0.0	0.0	0.0	0.0	0.0	0.0	0.0	0.0	0.0	0.0	0.0	0.0	0.0	0.0	0.0	0.0

0.0	0.0	0.0	0.0	0.0	0.0	0.0	0.0	0.0	0.0	0.0	0.0	0.0	0.0	0.0	0.0	0.0	0.0	0.0

0.16152231122454896	0.39038910578546854	0.4395138462294437	0.3520881836935028	0.32324817749444257	0.41330401782728776	0.40489622019188193	0.21029365534411745	0.3913296338387603	0.15681554074422194	0.43177866490060246	0.36216569288631384	0.25189230172881494	0.2661703381704027	0.3864869963669254	0.3565738004137555	0.2512482057861938	0.3568956040569183	0.44696293464650866

0.07617759740779984	0.17478140772210232	0.2239061481660775	0.16588153536605016	0.5213603510583678	0.19769631976392155	0.21868957186442928	0.08615588979248233	0.20512298551130764	0.06578117933968952	0.2161709668372362	0.17595904455886116	0.12184321400805434	0.11444640249618203	0.17087929830355914	0.17036715208630288	0.12119911806543321	0.17068895572946563	0.23135523658314244

0.20657892962193458	0.34087112396242514	0.37987651390426347	0.35486523757308985	0.4688826822997312	0.37155317870794435	0.3963492204035375	0.27238988786782176	0.355588079273734	0.18609463426058545	0.4272441359157124	0.41406610509410324	0.33930897982422825	0.30570296537828434	0.32718113011851563	0.3254995798589181	0.3266400315340648	0.3469641081470167	0.44762724949191324

0.16152231122454896	0.39038910578546854	0.4395138462294437	0.3520881836935028	0.32324817749444257	0.41330401782728776	0.40489622019188193	0.21029365534411745	0.3913296338387603	0.15681554074422194	0.43177866490060246	0.36216569288631384	0.25189230172881494	0.2661703381704027	0.3864869963669254	0.3565738004137555	0.2512482057861938	0.3568956040569183	0.44696293464650866

0.0	0.0	0.0	0.0	0.0	0.0	0.0	0.0	0.0	0.0	0.0	0.0	0.0	0.0	0.0	0.0	0.0	0.0	0.0

0.0	0.0	0.0	0.0	0.0	0.0	0.0	0.0	0.5016943277048743	0.0	0.0	0.5004359906296618	0.0	0.5013909470029784	0.0	0.5027592320557406	0.0	0.0	0.0

0.49354114708975716	0.502421150610054	0.4600919739291604	0.5230631580932044	0.3837906434298194	0.5196984637597621	0.541554728633187	0.4858950283524842	0.4429852741074004	0.4714887570772854	0.5478316432582184	0.5703266026084848	0.46748135462365126	0.43101723563169614	0.508624561799687	0.5548911899708828	0.5222238489504314	0.5183661977005931	0.6121852168230228

0.27430106258888387	0.34069626906614003	0.4190498307974734	0.5781825425500243	0.3647981474497718	0.37215484764011536	0.4858283690145866	0.22846136823797336	0.36099551537072616	0.537649285068259	0.4210871041204941	0.3845325925514517	0.47954660543002836	0.4629091602991424	0.3503204679541919	0.40090284827894607	0.3556178775473995	0.32134716495546656	0.5025377835961196

0.24228527984309567	0.4482261973360572	0.5204556936595599	0.3896235982677256	0.3422208778241393	0.4715601052846241	0.7432048425619961	0.3024125922059828	0.501370893949995	0.2806299063401405	0.4902901927648518	0.46410704308601775	0.42465474759767774	0.41804461868466963	0.3894329300544773	0.43049553501494264	0.3611295885572049	0.35575064611486373	0.5610132659753866

0.4189769954353232	0.46163574466010887	0.5231367066643036	0.387894289893118	0.36344152717980144	0.4818379032890001	0.616528922817609	0.3903065280401628	0.513655843829832	0.37639382097441043	0.5502906926608553	0.5066767337599001	0.46249921934924665	0.5085882365233328	0.4808178830795834	0.5180556414642148	0.4911254181413085	0.3989323245558687	0.5907339750042253

0.22137776756732358	0.34467932719516536	0.47951947480757395	0.29631414175834037	0.3179068086558161	0.43527975809808456	0.5606841756988108	0.3818303036965759	0.4566719664887464	0.24848131179913352	0.40864738670626893	0.46688825369406783	0.27688401155733816	0.4021466309221301	0.31018439540947296	0.36139831576493003	0.31156786711915885	0.28325929759575275	0.42762033026843965

0.35850857801455616	0.5562683946076781	0.5709816558439427	0.39105757973501587	0.39327917989314043	0.531480962022022	0.7408819497896924	0.39573119329686945	0.5160644767260781	0.35934443880981437	0.6045904192516771	0.6127789266792063	0.6164906792301634	0.5285407424063666	0.4549518075571469	0.5311997876563344	0.5840677703567134	0.44166947169761733	0.602655296957194

0.4536823253492741	0.45139961986261323	0.45451313031871093	0.4046084578429945	0.37720657840897076	0.4246320853749732	0.5701538044118419	0.40135331459600154	0.45729674813425664	0.4229932936003238	0.5279944723935808	0.5176301828806528	0.4109354363118145	0.5114389076746276	0.4838148811238552	0.5116485002629475	0.4945851136856925	0.39506227905887226	0.608322736780198

0.2927716777861519	0.3025066546830945	0.30532414160306237	0.24953848027521414	0.27553985383185364	0.292950167028019	0.36914583763838826	0.29209343000619525	0.27817164398964633	0.35689037427413417	0.37031431296734424	0.3836089766139235	0.3092004790861964	0.3603419989356005	0.2838006887662835	0.3485256268851819	0.35262303609804657	0.2588365682624465	0.3949860311263605

0.3704440415952266	0.4768356094565057	0.49799073589330994	0.3668608725655089	0.33146028602365696	0.47136963700433504	0.6215243389907421	0.38123987231219114	0.5221807458322528	0.3854486555804125	0.5417614250326888	0.5019468526219575	0.34397631741403145	0.478578540197194	0.4165710721724259	0.45710310865397785	0.45897037609909885	0.4103304901149531	0.5662443533520479

0.44490032162771825	0.4415851365187242	0.4605063451980784	0.39619674765755103	0.3832210225678164	0.4256114827002143	0.5153128758226044	0.4413805966291168	0.457258473598942	0.46966497271139473	0.5076759253746629	0.5615815217373474	0.48165025999051864	0.500828186690446	0.4677762362738984	0.5560803810200505	0.5139542963648892	0.3869304649901861	0.6047592656020306

0.3501634074303866	0.5722521195323758	0.6283928944610042	0.4099276300333641	0.3979108308995812	0.5861409377532399	0.6811822822148168	0.3851436531053811	0.6271971668332524	0.39556531932388667	0.6458839130439094	0.5422478479030329	0.4899852561568243	0.5128045682486386	0.5363243848432449	0.5306826196801611	0.5789351269266969	0.4462810261570249	0.6595261308821494

0.4058906469446705	0.44377475564204366	0.5246315009736876	0.3863766712084297	0.3929532926361249	0.5027590965119649	0.6468197254140624	0.37578495032485915	0.5697283143163083	0.39499579193287626	0.5262131351489827	0.548626326999829	0.47689375732253814	0.47543249561212564	0.4503826206629087	0.5562719501689839	0.4797355032391534	0.4092301348166231	0.6214982565026836

0.2894768001002006	0.3341049443805497	0.37873239530530356	0.24658278272641448	0.25463379579019696	0.32476418086873127	0.45186679055018103	0.23119958057048695	0.3802217461742121	0.26467008084008914	0.3678554132543468	0.3815633745824909	0.3426511414823655	0.33046344016661083	0.2947724119911028	0.3820778295255328	0.3876523802635509	0.31065381584074037	0.44948650055717765

0.17889591869053084	0.31798016157647513	0.4153874742585273	0.27929897653092095	0.2456568368586126	0.3632278904821089	0.4704373880430307	0.22814210782694466	0.43087017296884816	0.21472151750709406	0.3619555157325606	0.34802301896313237	0.2638095932857633	0.3093434530397917	0.27380414473407666	0.3139671699749051	0.2707914478182622	0.24991557525098315	0.3994781187642056

0.4267925420780813	0.40576240642826705	0.39072802355247194	0.330162443320623	0.3453904059857717	0.36811687662398995	0.460477399297241	0.3624964350064671	0.3399810796512681	0.4263413928759343	0.4432556306626353	0.5748396131485266	0.4577537760312679	0.44400311090136296	0.4103458705466293	0.5272371221999865	0.48985088034952706	0.3292713402808761	0.520252906410266

0.13409967331429967	0.3962172209456195	0.4076118578867964	0.24755985337685998	0.23574171313685915	0.44469635401974306	0.46157851876333544	0.1845911937430532	0.4236325161963365	0.17328690746739706	0.4311829675754186	0.3147792262937126	0.23177340483145092	0.35489441861899557	0.254463861904558	0.2895652175006439	0.3186344549931761	0.24021591928987007	0.3775626388221244

0.29839339076501903	0.3324181124065623	0.343144453328748	0.2680779886818268	0.26828421000970415	0.32413685610789733	0.4114989015844963	0.3169939101902442	0.34657258874658264	0.3478411567790263	0.42718749481086155	0.42059237553514195	0.3805838512571337	0.44785833550835485	0.335432694594619	0.4210489843844632	0.3821429327908721	0.3037061135293789	0.48520374324150517

0.401505365887447	0.48860329249619505	0.5695008843310293	0.3760600326111651	0.4061966188352284	0.5284803656330678	0.7052094870159318	0.40598774303060386	0.588028082759259	0.38443134082847036	0.5527922940460224	0.5403639564441304	0.4585456894963756	0.5115399646118828	0.42360639813795625	0.5308873138559378	0.5131092873475585	0.42942204157298225	0.6558131553574627

0.3802116489285845	0.4586139894871566	0.5519056647513813	0.4099254015606534	0.3832514336471279	0.5270527231363482	0.6495044167639532	0.46862241320301223	0.5459251725231122	0.37661329299654195	0.5620677722734081	0.5829299047826378	0.4673209748618675	0.464261772953794	0.4481381254157497	0.5133007247258277	0.47480781390613586	0.43521494154696405	0.6290759559416249

0.3161932542865883	0.38383050651032247	0.46521038381401136	0.3703191389371668	0.31329475336463697	0.43586558063242054	0.5517139734496248	0.3740753777523238	0.46249200934237145	0.30478838548752774	0.4625970964782409	0.47333285271063574	0.3956646206307054	0.3832323433740263	0.36407395470657977	0.4441082665088619	0.40446041781415853	0.36847308966219605	0.5343165778798583

0.28124503464040385	0.3517499581609416	0.45299491571659223	0.2993515702372037	0.2705248246860211	0.3823251946850319	0.5145131111171761	0.31980181106251115	0.44653595839516474	0.2695737726349191	0.4089100792616105	0.41886001087227004	0.33741515825319573	0.37316172793941993	0.3205802765705997	0.38991156534453364	0.3586165575464104	0.3162625091597515	0.5168168859031048

0.2743195580583307	0.3072820606357354	0.4540061870382408	0.6026704787936836	0.46970140529528426	0.4521860383611706	0.48021021017018906	0.25210065607238985	0.4044974000295788	0.6068771735887724	0.39918015978253024	0.3726541189182454	0.5604431967142888	0.534066266039455	0.3125339300512286	0.38848532238855776	0.34941242097815167	0.29295541589221874	0.4434247082003808

0.3392486379650742	0.456433692051163	0.6307663849382446	0.3956443589408789	0.43011363549680753	0.5515424126465518	0.6803007714599507	0.4040130365913284	0.6171834464318126	0.3673263887435033	0.5018951261689905	0.5559380742064098	0.42033959826450634	0.48776980678456183	0.41430274841218534	0.5080349233837732	0.44177167401398015	0.39789627770143404	0.5824499264947713

0.29190739044948116	0.3935786800417905	0.7174670003785921	0.3317892379075729	0.3073743201049006	0.6403069659211144	0.42652842598939933	0.30095200469996963	0.758481774912882	0.27216248055785475	0.5146669421924494	0.454543223642912	0.3946404845909416	0.3678737529562054	0.3769833864771015	0.43583364637362887	0.413756131077644	0.37458455856305095	0.5618675816224774

0.11735337564786416	0.22182843707609268	0.6065966801754514	0.6258283163974065	0.37150067751104215	0.5083995964001278	0.3868195991176986	0.12720254654679933	0.6692724380490859	0.5412171386082621	0.26465633635446273	0.25867480779253227	0.39781346130894757	0.4085660214476225	0.21089303052718883	0.22031019060254386	0.1743873619661082	0.1981206907871622	0.2957328317167027

0.27628316043790646	0.41694122110304344	0.5506447232907445	0.3217310293663035	0.35214339705358844	0.5051855063150631	0.5887158801889765	0.3119669619039283	0.598243766695785	0.3459996700486824	0.46987943938840415	0.47043649388611475	0.3617798058162082	0.48162012550027383	0.4283375294497638	0.46812775843739335	0.38422730855071463	0.3838086665888417	0.5950921387999063

0.24747169381442663	0.4200365703222537	0.5210348083822417	0.3398544255572309	0.32152719848033684	0.4676266099001425	0.6452574466913655	0.2916417864937361	0.5709308067638927	0.31830695080861404	0.46112252648890284	0.445419543308329	0.27116164219131045	0.3848573212364178	0.39444200045398153	0.4178074735118419	0.3450062630277899	0.31715315452263665	0.4882247817145388

0.27986005683566234	0.40124635695496047	0.3818938127169681	0.3386775056392588	0.2927649337850201	0.3823099044859383	0.5891679641572605	0.2957050396756675	0.3860809106399621	0.312838492907923	0.4724395665843742	0.39619568983802145	0.44730533206329426	0.41071861461793435	0.35103887399522227	0.3947126163529636	0.3926411243078372	0.3090303047767329	0.5021946656908277

0.6077189561765051	0.5786310017062914	0.45386582601250813	0.30174771259260996	0.3256212137931248	0.5263367142592238	0.5320814858572178	0.49271151178363776	0.42196951275988404	0.2706537674827438	0.45845774571634806	0.4502524668907877	0.374990396318041	0.4262995700303878	0.35473801652727266	0.43943982833000833	0.5687887444915163	0.6290457613367494	0.5262826644118811

0.29357806595338864	0.40684969712800284	0.5629946170396289	0.3445470730178387	0.40530968717465604	0.5106972174977602	0.623560797066529	0.307833832433144	0.5265794140818476	0.2558815728623427	0.47812030959137075	0.49806880511673535	0.3511868128837165	0.38169916400423254	0.37326457395083584	0.4349521664309254	0.36950889623491073	0.36857947023507176	0.5380926836657859

0.2795479068530131	0.348717821559266	0.3895697188979724	0.589775736434101	0.34767998093192176	0.3436928062756285	0.40647010725598	0.27070099710187134	0.30883848505763417	0.5677405658164862	0.42168974921841607	0.4662752842546652	0.5187808616185616	0.5095462009450188	0.33342554724678	0.3980146029828795	0.37516908411451955	0.31751435274946166	0.5081182512766786

0.20383443437391327	0.2736274098765532	0.3203267060020378	0.23389819719154725	0.3026310112982797	0.29876887913527395	0.3352202847543899	0.21741895193296545	0.2661182757993594	0.2384198687826164	0.34202092247714067	0.3443138446026809	0.29755285667155473	0.31591704236405554	0.24947923030099667	0.3114550978701379	0.31018630875364717	0.21631606606530568	0.40135366992229937

0.42235123909135075	0.4897490398875473	0.5101476191781079	0.3621292507511919	0.356276904318245	0.4437363656607029	0.5058878364980465	0.34655302618274575	0.39232440652458944	0.38650539071915047	0.5652056168148565	0.5160299910017411	0.4298075852072186	0.45068775605696165	0.4357689191773578	0.5329526346073585	0.5054397607936549	0.37715366955997875	0.6490285532833973

0.2695959382543015	0.4109992162374261	0.4524525626800566	0.32248518428244394	0.3023899064614485	0.42800031994185694	0.5447585037755212	0.30960397579181226	0.46105429957355615	0.288815657378661	0.4475280610265602	0.43138173116541106	0.35232426214720625	0.4344027497193929	0.34798205687858075	0.3991385561664196	0.36482743390186456	0.35021619904681095	0.5221909215133995

0.49774364206436805	0.4561098873680491	0.4800221121561278	0.3069851154603936	0.36615335195853865	0.4275957107882836	0.5427112401470864	0.3602497715486778	0.3360809438056196	0.34052139258477465	0.5280042002783892	0.6038358855440171	0.5102606186449803	0.448158482802349	0.4267997717624308	0.5696629580035539	0.5567209910972326	0.3736912905065194	0.5982074541838425

0.2555056476804657	0.27968591975354207	0.3050087905979094	0.22894214790440742	0.23702147356068798	0.27535458758011366	0.33027995899306767	0.2561065202918436	0.3115441793053759	0.29686046299787716	0.33770359280565526	0.34101132726032524	0.31885915401922227	0.34030247851682005	0.29326427460338694	0.36293913698950575	0.31366428564799886	0.23332164035083688	0.39191398963829216

0.30605256163966554	0.3217940467893491	0.3501759688920314	0.23518490196168093	0.2603395366793571	0.30652781576257415	0.4020689065173498	0.2874539808598512	0.34513983456134356	0.32169527376913865	0.3984691138246309	0.411344965894279	0.33086807573946586	0.3936271688818732	0.3686597966039441	0.43160934547311525	0.4038257972036361	0.30444468752498066	0.47210074690134984

0.30320204901892633	0.34404509396038685	0.3079914796136429	0.22524990847510812	0.25913478292192316	0.27746009482877254	0.3856419576267448	0.26214697792320174	0.29297949171436677	0.3548534370850923	0.4344758659312531	0.3785161233847746	0.33403701282227194	0.39333740085462254	0.4088175002701955	0.3885095229476808	0.39138563668041976	0.3057520148710373	0.4458305496834067

0.32279316314516604	0.3819802811644495	0.3523388078423834	0.3079378336491352	0.2879192546074474	0.3557797454963443	0.42226445323732537	0.3252228612796708	0.36432561959287035	0.408296297525061	0.471651317879059	0.5157508980980117	0.43382220096530355	0.4316208884020518	0.4591969502440797	0.5267967441507991	0.41861021993444314	0.3386050111138012	0.5080554791260357

0.1829301942840149	0.28348600955654607	0.29044039286284906	0.5981928243540167	0.3761257861209643	0.25543623903843843	0.3260345697395778	0.28085123579299454	0.2608820054982369	0.6043359947106364	0.3355021324465562	0.35007445091732603	0.49697635480150126	0.5526988430936227	0.23891600047280998	0.28776586816594396	0.30173279921593693	0.2284528549087111	0.4010624628767797

0.40312583693616666	0.44248990570151336	0.4457286307430033	0.3955178256089752	0.37131558127852343	0.4312424835331856	0.5804473115357179	0.36116697667201036	0.4687700095189219	0.40452379297356544	0.536271334154048	0.5336642616121172	0.4724812357715098	0.5208295157712655	0.43811578836235004	0.5153655423018256	0.5229943061305486	0.43250845760295914	0.6874905710219639

0.2180035761916933	0.28706870167051807	0.2621707744376535	0.5033819989825064	0.2855772341758045	0.2478076885210468	0.3337275970885009	0.25479760411130675	0.22053840569652144	0.529554955987896	0.2888783130847882	0.32959689451430696	0.4469086965687873	0.4884785971961231	0.23196550070229288	0.31693722733238017	0.30108257855752296	0.24051988308425482	0.37395014300150164

0.39556069387879533	0.41740561827581835	0.41974751328944154	0.3249658899673573	0.3298105257272357	0.4178845329928939	0.47543908594494333	0.2973667879074848	0.3655347077662861	0.3137794861610368	0.47975412693882424	0.503387978798916	0.4681787968371689	0.4021172351952989	0.42842753692072844	0.5582146523035678	0.44748243313805264	0.4272505376004618	0.5843900383553333

0.31164652953206484	0.46404289373822605	0.4031510393611634	0.6290966240551725	0.40131078082481975	0.35209905597403307	0.45353608795250144	0.3599163576394582	0.3654569384706831	0.661709008105845	0.5307759067043426	0.4394486703319731	0.5557805838152178	0.6470276382525872	0.4231120407169526	0.42162131905741657	0.4571075304346788	0.37489802481319834	0.5664286636106186

0.16406086836041006	0.25901446846692483	0.2696389465585967	0.20518095202812267	0.1905553580460217	0.2339925043140585	0.289564369346525	0.22999801219333094	0.2730635373654656	0.18921410538050104	0.3315474982726952	0.3013942230115348	0.27391715186701004	0.27685155585988447	0.23460040626584705	0.28212916261336085	0.27400464067419994	0.20354750732382748	0.37797956488797546

0.3937883405047374	0.47730019839659305	0.4539208057231493	0.34456206906548903	0.3525514040780878	0.46407693378810044	0.5458095026605524	0.3767084676821738	0.44406967540215225	0.4311848292388459	0.5833183361029309	0.5100045526010892	0.4866319143686978	0.4706518974678714	0.4904873670258113	0.5598843217156599	0.4998570498823389	0.4062236655797473	0.6237325220077927

0.4039892379173775	0.4341769050208951	0.44069325791597425	0.3853405725944751	0.40565930501192693	0.4024277653553904	0.476853143867982	0.4463674755559175	0.4498130013853785	0.40647384686069743	0.5035469582678755	0.5405171385584217	0.4499896351268883	0.5301804095974209	0.42322572565455074	0.5233410535856686	0.508458260518859	0.3658307679532322	0.546399317640945

0.33293055718064674	0.44320882641420456	0.44599328379462233	0.3848644700565077	0.3760349464863454	0.4126703443004992	0.5035037372090784	0.40051738251811564	0.42888534856290333	0.3669429971439628	0.539208841110244	0.49766300938510144	0.3822546660922691	0.5016104591495952	0.509450144434481	0.43512462593185974	0.4187762657758502	0.3822337323946254	0.5528247923310814

0.3335102913414848	0.5073381206343369	0.5053491380148321	0.4059588378922908	0.4010353744485837	0.48598970295863475	0.5506065010724437	0.41835016238072287	0.4635943011440514	0.3265184659036091	0.5420958608006075	0.5617754947306817	0.4447183441782041	0.49408823565073523	0.44842968322868987	0.5403662612761968	0.46653227686345466	0.4704368886819071	0.6286269343965947

0.2345700710366867	0.3514507368781917	0.3822587107354939	0.2952422101318516	0.28917763080934206	0.333857791592473	0.4108408609750124	0.2942070706085021	0.35798869333333216	0.24722476529659618	0.4196779977082064	0.39970973961963724	0.3171120668548736	0.3709455976683388	0.3070565198675547	0.38113367370452816	0.33455591432433207	0.312975148146558	0.4936895553625824

0.4975571945025848	0.37365682098560127	0.4821745658292063	0.36879436625478956	0.45076937484448043	0.36318911107745694	0.44763347764842687	0.3206720771396985	0.44636718950432275	0.3373306391744237	0.43053500351356333	0.46586645335533716	0.3657655372213451	0.4527272750760073	0.3132292716618129	0.40079777648094483	0.4281190022456076	0.31560879607657105	0.4732068219826116

0.6854705098827866	0.6697593546277953	0.4066955303077707	0.24838666616217434	0.3034714761844781	0.5203099995356799	0.48527973611882486	0.5308872661020397	0.269691679563084	0.2722743492097224	0.4563473948988774	0.4980317748337616	0.43438777888033897	0.4167109956904024	0.35884465919940967	0.5059807075946541	0.708284034916947	0.7128913636041627	0.5720882862134808

0.274482521737637	0.350353456175553	0.4280756777290169	0.302012287677815	0.3103403747153407	0.403977833354084	0.5496216380234482	0.33684875437949613	0.4229423707944676	0.2679380826712985	0.4371131279578647	0.49303601431330335	0.3413323764345715	0.40458520040298834	0.3204354685591443	0.4044590773764633	0.3724927177019649	0.31841734709334746	0.5201183960480201

0.3175490053144389	0.35900931489092036	0.3773981877475817	0.3101442060162894	0.35707626979522566	0.37011034138963833	0.43899058605638286	0.3286849232088687	0.3490162216285235	0.35084087775255324	0.4313868508818966	0.4215868033972662	0.34805276406141816	0.40640420688243206	0.3394897833535808	0.3808603459847663	0.3878252412177406	0.26450503289508664	0.4769816378979874

0.20671090186458513	0.27418122688296287	0.2641996511512585	0.23142781738038815	0.19918444746646552	0.24037536280114166	0.3203148884480269	0.2342918444391655	0.2576919124554685	0.2672445120486695	0.31351469946804134	0.31239859285154803	0.1960142354495021	0.29477157107434	0.2512090203247687	0.28233477600288703	0.28917420772242947	0.20174846129297894	0.3748658006109215

0.31810754695733656	0.4493780217930625	0.49406261105232835	0.39484847152290825	0.3890208363476941	0.438759222441548	0.5381202470763472	0.4091535417272915	0.4761193468304622	0.34923340407505366	0.5221384321229319	0.51770623435115	0.41350326356040135	0.48321109445667065	0.4220333646057952	0.4896548585042672	0.43647378203262266	0.406239867142527	0.6130924034633727

0.3375150762751224	0.39289836409135515	0.5397868493842747	0.29096930761846007	0.3686562508969283	0.49566097494203765	0.6326673199252957	0.3560988264485183	0.4726159381292996	0.2862004494541634	0.4969292949894323	0.5834443540125531	0.5294862533189687	0.4704516353000662	0.35571319257299205	0.6514611847238814	0.4290393809116768	0.3663803422271532	0.575610122708723

0.41918810292254977	0.4504086380033452	0.44647365272133765	0.3115089890433556	0.3606652548898527	0.44904071730489425	0.5211418193781402	0.41331183411830663	0.3813555030375726	0.4094567833747035	0.5370833448479793	0.5456807925632836	0.5496414378739082	0.4823217653899044	0.4583061333433115	0.5950547649813326	0.571397417944189	0.40932638089397666	0.5984228652457604

0.3715618299072987	0.4213871135796433	0.4526820943629675	0.33316081288682486	0.3343452081687424	0.4105700839224191	0.5135831731126728	0.38021683545687224	0.42435125982576755	0.36637379192606767	0.5037726054221554	0.4883763371788844	0.43893052458678294	0.4773661913627656	0.41581737185521256	0.5025590349776317	0.47285792689238576	0.4115724953216985	0.619467670802589

0.3602330106425202	0.4093443923290029	0.49251510766775086	0.3306906327601561	0.3454964736354807	0.3959486752659048	0.5258016871226451	0.42025620264511365	0.44391438284237106	0.3474534416013306	0.4865754185111322	0.5004592166533097	0.4168926662146833	0.5031685768905537	0.3790663547987041	0.4998777089605604	0.49014129436202336	0.38872472299384475	0.6495390624178947

0.10175215076230071	0.09379956215939986	0.14556280757730658	0.09426133608581626	0.21486979008022988	0.2239077918623596	0.13974489097490278	0.09901225070098572	0.12284980683510965	0.08166859437005525	0.1758745310084241	0.15913322082069314	0.1436202707981245	0.09954170924603188	0.15742691047412924	0.13515353463618962	0.10548673208614762	0.1041866308008228	0.16098203808038317

0.2474404381014322	0.2770747875892771	0.32306636871468974	0.21255274529706403	0.375839967157983	0.39005450853251616	0.3317603531748561	0.24395429080290676	0.21360623664172967	0.2152646593730076	0.3681503432703448	0.35612298572376444	0.31531634426889144	0.2893261277411157	0.297845056728436	0.35549853808866516	0.32388647412346117	0.24650405649645063	0.40198633406018836

0.42958277440323095	0.41106138553473864	0.5456820720096529	0.33197081743838025	0.5419473202694427	0.5560657958286543	0.5893437063204539	0.39694370446262994	0.39428675820881537	0.370285945495557	0.5399238624133895	0.5455973502820981	0.4385368457727087	0.429539628368134	0.413446416739055	0.4872860010240799	0.4602337511892367	0.41794641173908764	0.5520544136670573

0.38936701725400974	0.4257008368552978	0.4352797272457583	0.34585303414908547	0.4050108136863806	0.4297267057508647	0.49078361966280515	0.36689807730357454	0.3434712605363127	0.33549516317377753	0.506692622459082	0.49236621711921624	0.4183933221523821	0.4738877234297203	0.34333758683719257	0.4765431896471072	0.4802215071945958	0.367563011821707	0.5227805426215238

0.36884052013508994	0.45763616644684657	0.3642921330874217	0.32075971257328095	0.3298926720456219	0.35930015818740696	0.42677116606208465	0.35155559295099215	0.36772227576372585	0.3466154984934086	0.47148019637001015	0.5038530028558372	0.42593702683978674	0.46705514181415947	0.32419124175619607	0.5095060858424048	0.49631013547336034	0.32379550414603164	0.5044866299645752

0.5534889258068991	0.47403374530177783	0.5082239623992794	0.31526049764434716	0.5361641154097787	0.5198864446438759	0.5338904187775128	0.37830896591075636	0.38434155295912514	0.3519422355578909	0.5354057088542894	0.5664514853398619	0.46901360545031223	0.5014162837730924	0.47369329405604527	0.5265896374154584	0.49795219899606535	0.5414999378048309	0.6002387506136875

0.3650616536592889	0.4254357204700209	0.44593463395604294	0.29725885760683063	0.3719909278503881	0.3773413272757088	0.510433460691234	0.4013463111643433	0.3749146544667187	0.33036115264641464	0.43849233071772464	0.5586754799382361	0.4371894894108026	0.5062675213964367	0.3495738072563961	0.5271720890195644	0.47904581164801807	0.37303564824803537	0.5724607653214365

0.17090330073541682	0.14436769442397568	0.21019440307892254	0.19867250451288127	0.23728458322458468	0.29579781316474135	0.2287751568959135	0.19418067551925414	0.23017365359409062	0.19559278090309395	0.25647931012084224	0.27065733561668304	0.2391320640017055	0.22785948111914023	0.2492746533773364	0.2689514333880505	0.19518993902875925	0.15858673289600325	0.2544763297341805

0.36702001019303865	0.4080260288035681	0.544630201841594	0.5052878016932699	0.5914747800555724	0.4459402761371801	0.51737149327238	0.3938156327007193	0.40277578562420546	0.48127598484746315	0.4791731662367035	0.5466153065909183	0.40729075438644646	0.4449626464506332	0.41147520886201255	0.48953232012561465	0.4428901344846989	0.4111987978216533	0.5792105588248997

0.27035094926203546	0.2618783137333715	0.2619604871349639	0.515081633168133	0.47187798178157014	0.2869680523564613	0.3383452194811357	0.252133704849118	0.22294863796921027	0.5243751007366128	0.31017344736418684	0.34983844944928905	0.41663506979061216	0.46240011560604155	0.25188789655742094	0.3123132931783899	0.32548052978010794	0.22998065374269513	0.362902826253067

0.22365794274118633	0.24542407566568644	0.2733839202118131	0.5229914121446878	0.3136141202452505	0.22933432941956994	0.3226053470860606	0.24216008625682353	0.22260884346643217	0.5472477796191207	0.2971709139917301	0.34237362323528253	0.44396390641411143	0.511076230153449	0.1940788318486582	0.2792686437645281	0.30098807680925627	0.20852058953940952	0.35034879739542724

0.21854761693056624	0.22274831747911766	0.25411050596624823	0.20321969171370813	0.2878086768699325	0.22699275824525242	0.3031524300500691	0.1997205656240383	0.22211212910260983	0.16643117474614114	0.3004836393667931	0.2968396134275769	0.25287201139255694	0.2607968580436568	0.21598236449040573	0.291156709809275	0.2742383750998886	0.2324317829596232	0.3593089459292571

