0.8805591678417202	0.5039595870570867	0.5169752883625243	0.4139923859215443	0.5886993586980829	0.5710177084357602	0.47944531918525324	0.5215463051957865	0.3440148701891711	0.3970477133711765	0.4587406567332927	0.46726893963165006	0.42501942745578525

0.5224087368672172	1.0	0.6766803236328853	0.5776782102464102	0.4413928428972695	0.35804897179908624	0.3311537846360326	0.4679004347530295	0.2836508218502192	0.39110594569493984	0.31577422572354485	0.3323291647734457	0.35250779631813167

0.5467146910620065	0.6766803236328853	1.0	0.5657569647181028	0.48744590604201676	0.5952415239684745	0.39597670076367625	0.5920723516996782	0.35873027237095045	0.5327878974615919	0.3906628301679469	0.3771011802380553	0.45575436054228075

0.6200674137587667	0.4373860530313367	0.46947206684228104	0.3670690635602038	0.9617497052353812	0.3905708462361084	0.5487772650522964	0.4888580168003301	0.31190842408483277	0.38542345146714413	0.48680726666412744	0.5321027986036965	0.50350248606957

0.4796465979756118	0.3204354442562392	0.3902161437617655	0.261816645944996	0.5304820406852049	0.3370907696473996	0.9542418294363101	0.3757728144876017	0.17760016958142585	0.31864309078365793	0.4367277647538762	0.48610623204147463	0.48617741408135284

0.5418201122080799	0.4679004347530295	0.5920723516996782	0.4888728236825838	0.4754971969048266	0.5440506550403676	0.4154966299728321	1.0	0.40107260420287605	0.5612682001695414	0.4761263858932333	0.3151978378775221	0.3361248043886482

0.36517327592013316	0.2683561636089484	0.3435505691456957	0.2525557115774919	0.26370810368648545	0.2990016234497503	0.28531180665332356	0.41470033609812373	0.9812986869491479	0.3211021158533949	0.29518381179441294	0.21343114508883776	0.21592811570411025

0.45486301412029184	0.39110594569493984	0.5327878974615919	0.42378090819679715	0.3774716403591306	0.48461853690227497	0.3200347447968543	0.5612682001695414	0.3128035245318219	1.0	0.39940976785067345	0.2760138795975444	0.33589071260841985

0.5336432946876771	0.4083296953962009	0.4119480886428711	0.7220328957196409	0.5651930012496378	0.36001905726065103	0.45416417871960296	0.40688552826934404	0.24883368469642653	0.3170287684136605	0.40778570192163255	0.4942943052668749	0.4381454347999722

