0.7436633008152556	0.20802836793652466	0.3826420339303081	0.26274605275546503	0.2788320174535763	0.23352386873831685	0.39447245304462375	0.49049731008419073

0.2566099311611818	0.21788767773010786	0.3309780940708645	0.5329250859278818	0.5551529019699002	0.29273133496151477	0.3126276504167483	0.3783031283743136

0.2850664523410414	0.20009451673510964	0.46653543889257404	0.3946608131199551	0.69160487206544	0.4898422206125549	0.4510533730856643	0.48897372800161376

0.2443218317821768	0.20795523221042553	0.6137061084229812	0.28240441870769784	0.3088713143292985	0.3016688245531785	0.30317780812532413	0.2935222708642252

0.27231864772822867	0.25940146401736874	0.5818826201800447	0.33609225257201214	0.3518987919469255	0.32959397742068164	0.28870056723343457	0.32205657949783484

0.30419134224618427	0.27553651190281636	0.536879154699925	0.35119152843560497	0.4110281276575688	0.39383544946819904	0.32760167343852065	0.36986280350362466

0.3112062334220347	0.27695539066621977	0.49319721979840797	0.4356295672232592	0.3811285200494332	0.3713037001349915	0.35570217896700973	0.3924524645149296

0.21625282963332532	0.20838268991485126	0.4785605938605865	0.34196762296668454	0.3044506467138721	0.27812409982025477	0.2522218672949351	0.3079371415441756

0.18590821289310805	0.18775847816802582	0.3265084396823373	0.34199494077165066	0.5281982092912653	0.3774132444214472	0.3642955122763658	0.299015019762351

0.27914093026811543	0.2386918863856892	0.4620769512941058	0.5167927092574409	0.4747678300149729	0.34406944398000794	0.26738529711159065	0.34086988280452757

0.3200945876993766	0.2039779147466409	0.4614693274675415	0.33630571085696	0.49641941330328004	0.51035947230751	0.4069097868856859	0.3334449153569841

0.31948329648849466	0.2637077490385199	0.5209297138650604	0.3688799438637149	0.5115717424342725	0.4011844635410684	0.35121825962827646	0.3717621024348869

0.2330291712711727	0.19961679982560082	0.42583098864885366	0.3033423596879135	0.4140596731706279	0.48435118044514314	0.356727585298862	0.29107454114086884

0.2968957910222415	0.29719113198791947	0.4138610625933394	0.4228061332458832	0.4006844144395578	0.31811701665104086	0.365080730513899	0.3981967766868013

0.30865030472981153	0.23904998455239268	0.4951081304341928	0.3695133847519651	0.49182893411605777	0.37934065048754784	0.3375155891653392	0.3666728782986977

0.21545170570492578	0.18163898612915225	0.4261669219406344	0.49551759089052605	0.32287049660125183	0.31163767593895497	0.28299975912594516	0.34361584966737524

0.2168848404301244	0.21849916948156958	0.38173457883391076	0.36045248967204424	0.3487508689304668	0.39093969239255	0.3276789766607914	0.35075880605533627

0.19240306931074083	0.13869799351293308	0.24723776747464293	0.2759158045258549	0.3476053725413877	0.18198941458106693	0.20429533262916388	0.24235115472638674

0.2998473651176555	0.26998770018960977	0.5152915139010911	0.3797039501419515	0.5472731992320774	0.4296650217824185	0.3982144598472338	0.3672712485361807

0.2838483202145182	0.1993567550597647	0.3476636275744146	0.3840314596204797	0.43377526203308736	0.2571472774629221	0.2911347549610167	0.29375067966103396

0.24504791275431959	0.19194164909875874	0.4436603055433672	0.3285079326431336	0.44612501398631094	0.2935994957864717	0.31646772133169043	0.31917115476621644

0.3576669236331587	0.28429874660173493	0.5333147753772476	0.5030490465378281	0.5431032864491302	0.544790362271263	0.4742006261467464	0.34449175921710073

0.2623553570831315	0.24667855724211263	0.49197965413798356	0.41388517113334267	0.579277434465127	0.48336413375113707	0.4012486330095945	0.4370784695265226

0.2031884806320425	0.21072119806405148	0.3936224796319879	0.3226062339023034	0.39472530586854726	0.5620560211836737	0.3405528740017329	0.33539377908173534

0.3292474426824399	0.24201135737870016	0.4964084486079516	0.4342143701961354	0.4210177046248392	0.41986063241592986	0.3356273314582764	0.3100747138204366

0.30316095616995664	0.28553641960108267	0.5504392386988591	0.43881539685069204	0.44608060254033244	0.44832226127629143	0.3607445789086123	0.3739025826754724

0.2137678917318099	0.20019506354759803	0.34183863962517635	0.34378212423684357	0.303710137684775	0.22962558569177277	0.2696773815839325	0.33332482758214166

0.34236640340337604	0.33690202182981377	0.5542556573497602	0.47933733431295655	0.5680364990525633	0.4483974046274032	0.39031409788561006	0.41170809875505493

0.3082123690268162	0.23214545775381162	0.5445786223121901	0.3993422017254913	0.5533164448027217	0.5242430502645947	0.5044042574893808	0.4860840595395598

0.29775861098761214	0.2551525697386497	0.4844472604271856	0.5872912677386664	0.6024654267040097	0.5802996112170076	0.4892459392418136	0.43816535277236923

0.29960531627651354	0.19903009090627138	0.3752134211388558	0.43130329832314684	0.4096023840666303	0.3468988633942461	0.3357305334232503	0.602175782831735

0.2349313522648187	0.1509156541527416	0.39155873650172296	0.32972879680197587	0.2869678057804702	0.29032418194040155	0.23299268112451965	0.34003054695260604

0.1462657522245892	0.19813883331671014	0.24967064880504908	0.2853084775031274	0.2201972417650479	0.23000203607546765	0.17420739323313172	0.2057005907334568

0.335689704648371	0.22801478946803275	0.4596523665654529	0.4023945884253429	0.41189136308817353	0.3712250452202632	0.3353208767099318	0.4504332298928305

0.3233127475960768	0.24708627714868792	0.36799583138649106	0.35470213805309125	0.3807307233121163	0.35696836575209084	0.28260753195654603	0.34953433331899464

