0.5416996323750778	0.3523231564363851	0.5959244350864399	0.43150195134415203	0.456852750491056	0.4819222169292401	0.3785967263272222	0.3748777812556566	0.29611002192070734	0.519945578102118	0.3959641545150364

0.7309876783896886	0.4431382327677068	0.5452408052658937	0.43841494321860497	0.4768586190715571	0.5178499014648024	0.6102273324497434	0.4832143391973459	0.40216180931555623	0.502210240142993	0.4187652425335252

0.8819032937798743	0.4275281912549474	0.8263042291630516	0.6097122082798612	0.5762245710092755	0.6170845083312378	0.7167617173043417	0.5870286421404609	0.5315377151558642	0.5643677183473388	0.6165395142149059

0.5803954486910499	0.4892232440845149	0.645544112869867	0.5797530650461624	0.5704542815926484	0.8828736559588073	0.47648269936831433	0.5445021511026914	0.496378890991836	0.554685177221006	0.5151044860623996

0.6297203981732918	0.4466617614419513	0.5022996733774144	0.5729290013524719	0.5393692962462829	0.5194073722306318	0.9404455828065862	0.6172610913964249	0.5202255876295777	0.4710293086376214	0.5331162773407041

0.5002079597854985	0.4728654832041089	0.48309837360693825	0.6108548258958608	0.5233942433401695	0.5974966144100251	0.5673989592747204	0.9304842585164343	0.5408083068270326	0.5768005536995395	0.4982587798963493

0.4633600872199014	0.47139910663227036	0.3765401504015225	0.6305032055296512	0.510275711783953	0.511953321394323	0.5870357497350955	0.6637371807105565	0.5474779330002769	0.5272774442807857	0.4650370467604261

0.36228581560799916	0.48974934984910834	0.4145040331578191	0.44678307754863084	0.5416529631961209	0.47741395864261826	0.5680484675320268	0.5036675135323518	0.4669294615418455	0.4938077233536075	0.44657885705026973

0.2939120695804886	0.3897393656048959	0.5060763536521713	0.408687699330078	0.44736472101563884	0.4233783953646326	0.5648755850908034	0.48993315320443015	0.42609300131826705	0.4877755178278673	0.35845558203426575

0.4451836575458948	0.44586687359132765	0.5182413218670883	0.4553745937798268	0.48685949162076864	0.50215006931034	0.5408749698647669	0.5383106774767166	0.47807225583530283	0.5089892095564124	0.35389090171455584

0.43336070884182926	0.4552423544566896	0.4185628648658386	0.4757698244791034	0.44732150430474626	0.5228684686048629	0.5327954795458668	0.573336384068908	0.49316835986620483	0.46135799364720653	0.3375378017056153

0.42697155981706375	0.46158641697220915	0.4167128090736404	0.5451639309425655	0.46934270867173966	0.508473532458535	0.5485075094552416	0.6622699617652668	0.570297850233702	0.4992779668046955	0.48347347902798266

0.40509298137220884	0.4761583221502894	0.3443333116873437	0.7567308022074661	0.46681665257417315	0.4955737710373296	0.5592182720352532	0.5871928540021192	0.41107099077615394	0.5273543337428112	0.3989893487518045

0.4161157319873868	0.562860568765986	0.41980684108485095	0.6179392727326812	0.5316257875542267	0.504872204117481	0.6059020197327798	0.622302423839155	0.47355976064999217	0.5369544494210641	0.4381802494708323

0.3950055705462965	0.501030960887143	0.404271518348826	0.4355840735605536	0.4889649731154642	0.4679549971700081	0.5440398682814142	0.6748353008008654	0.5328794844621265	0.5341104588950769	0.38136522840421233

0.4541771855420612	0.39461699012792084	0.45322970668579354	0.4667531252920438	0.4538209420527264	0.49924560264246864	0.4658608699213004	0.5155819530910271	0.405485385570056	0.49854732716940864	0.3843759732758374

0.7163803233478554	0.4604319239737454	0.5773805992297492	0.6131157670498116	0.5173472121576494	0.5610174913672046	0.7221332591495428	0.5111587835137672	0.5896803989180718	0.49106346863108596	0.6435265303408066

0.440233754270708	0.4614775453267088	0.4634265687589091	0.5754640671539549	0.549920795735616	0.5314018415737016	0.5272441491980491	0.5927241359515563	0.6007492916530834	0.6210430714086682	0.5336442309229472

0.4156172931902288	0.4703686738152706	0.5507065244324434	0.49702026461026605	0.4847929896615003	0.504276349021527	0.4632326177834709	0.5608527734171606	0.6038694387844448	0.5453234925393239	0.5194244010285

0.24827921088832178	0.30364186791734676	0.2921399738727457	0.33112935926996045	0.38587970679467853	0.3468485820353593	0.3231049822698644	0.3496272495529697	0.35947135851090317	0.3742504540053345	0.37195726113977534

0.4303733769142796	0.5301346533062528	0.48650145086348057	0.5881437667731626	0.5587298998776755	0.5498542309054035	0.4883633078194414	0.5416019563330401	0.5644582776401281	0.6457754207268744	0.5281397897776987

