0.8036883713506466	0.1175420654038536	0.18360668862633844	0.32936169350638145	0.5846552401567153	0.2510746096709306	0.2405665612112423	0.21951193183312934	0.23279650865014584	0.4311881566569473	0.2957265593489542	0.19034557500917634	0.14324680282025945	0.38576478454811036

0.597088773010846	0.6965421539391647	0.3301124694164736	0.42555411294164047	0.22941734355463017	0.3575689581322824	0.3586605848941334	0.3321552111815599	0.3652473406248964	0.39723747315141744	0.4159940957798193	0.2558197957956872	0.22548097978654258	0.3917112366351348

0.5609951487364137	0.1648747004327953	0.8931077870619543	0.4015632381944669	0.18665295616070335	0.2948316539755549	0.33826380891403635	0.2558446743396962	0.33447512661127826	0.7566376095855236	0.3835382884846554	0.22549917974366698	0.1935229147644808	0.3038947170718661

0.28571398218605526	0.3342512669557854	0.35435126940407496	0.9446154995624153	0.32290633741105007	0.46435243887921096	0.5250523081681344	0.4837345351712062	0.642372990219586	0.3652672836848059	0.6542978652726776	0.33425030601490785	0.3459046373617438	0.34940384068879693

0.19504538588151843	0.19867313050921562	0.22361091854193704	0.41857598870261625	0.8750660211795432	0.6967953328236314	0.35107228500031945	0.2939086904696131	0.39823949970626193	0.23050415521957351	0.36070791613048625	0.3893528615549662	0.2839431481064941	0.19362442526910767

0.2551598797049669	0.24617725064819285	0.3493358992962107	0.5714109148306529	0.28361142362205505	0.442981314443989	0.9976505808717641	0.4130806952685679	0.6624318997253161	0.30893889478947345	0.4876516193183581	0.3026227944285451	0.3762559671690512	0.23262912406626846

0.22775910289247464	0.2268885781184185	0.26801517016054255	0.49165224463557045	0.24961532036248169	0.36503758333681563	0.4210181068765988	0.9744575704986873	0.5120251074678712	0.2964596803636329	0.4246355610890068	0.5448443129268575	0.2951453602271561	0.2415495358741218

0.2389271363142495	0.24366653031165203	0.3252415694300247	0.6403818761361268	0.272014866415845	0.5023361305129344	0.6200784214470031	0.4692461976805755	0.9695027598675149	0.31023229305933475	0.5070898012114426	0.2785783964448122	0.42683028699520326	0.31807951487434716

0.5988744576503677	0.1560833821345451	0.6372882971570192	0.4383984753306087	0.21508027147613307	0.2874579356473702	0.32242842205835764	0.3035772940317162	0.33425880163542887	0.967840770502197	0.3926679993020143	0.23337409838085957	0.1956674946224634	0.3284904171234456

0.314915079404604	0.2894317302937674	0.3955325173890442	0.6945470598317962	0.3477945356680555	0.4232607245857161	0.48662625982496266	0.42159784117393206	0.5339526680363718	0.3866432829137151	1.0	0.37613962980584964	0.3650602111221658	0.3115841100575971

0.307453722122508	0.2579658853759436	0.3986362469446885	0.6552412253818203	0.2883576239175312	0.42954150011732173	0.5233209036073085	0.45378497665071493	0.6175976936419094	0.34693479778532743	0.5568829918974857	0.36097558544594954	0.3328248871036365	0.2851166480071478

0.2101748432453362	0.16846716666808056	0.5764440453522159	0.4498347291145012	0.2111847519990082	0.32775428390740385	0.36162203711075935	0.272300587890562	0.4079926931970074	0.2479025652228268	0.45487724031288035	0.23707295881827628	0.23368781632298335	0.18498321044619664

0.2052373502248524	0.16263375291965904	0.2314539874188505	0.3848518200680971	0.37987422329323894	0.3574620278067224	0.29877388241885783	0.5939818954338942	0.2880107730660373	0.22333476877861053	0.3713266702410988	0.7793859757984474	0.19161229600423957	0.15274808364497483

0.13930217588723742	0.1070626244162135	0.18552095192073914	0.2890567783801373	0.16079572185474544	0.3264617661278689	0.3299982326874676	0.25943943584294377	0.3926327120571973	0.1873075051908866	0.23175318926019822	0.1448135555561268	0.8965774930956019	0.4512565176802752

0.5320600288365864	0.1648027942597638	0.15361614003799093	0.3298576601415979	0.15951122765498418	0.2464477372821715	0.23179418045191424	0.2412217592450428	0.2979444241665956	0.3697913618901153	0.3115841100575971	0.16943833051573282	0.5047123374165055	1.0

0.5477936319223076	0.18230049814800697	0.2604810759574159	0.4431367700678144	0.2206378357981762	0.33573575673887657	0.6007291172520065	0.5300428708217186	0.3796730716977369	0.33923687489938126	0.4467551101147466	0.6984064034725666	0.2316939469575241	0.4056815086946505

0.2628666895579096	0.1837617980985916	0.3708020277936442	0.45169186501792524	0.7030729417872631	0.37508054216891085	0.3609300998372451	0.35673413212450644	0.35408098230586527	0.27644028026785405	0.4354034953098023	0.28958771971395036	0.24469994263502876	0.18937874131225835

0.1961093709889682	0.13511246022921988	0.21147173238217873	0.3555337559683266	0.21047578451858773	0.33178392337427687	0.34875746072308667	0.3113144782812448	0.43729383915135267	0.18814930719806222	0.34806064636306827	0.1994652319799582	0.27584165722327014	0.1364791111154948

0.29773422531795224	0.24833346465387318	0.30922326011840556	0.48513397284447973	0.351491445757739	0.473863211598086	0.43643878873404696	0.397299547086828	0.5010722744422709	0.3302449751936029	0.4287421394871367	0.3423647418419179	0.38350687191978905	0.23930283586632978

0.23481359688513376	0.1578699439455991	0.3199439566283424	0.40408415597923475	0.21369691046715036	0.36782455368500877	0.35461190295750167	0.3045381905270916	0.4096112026120705	0.2746415307756289	0.4241618025957627	0.2638679164552185	0.32299764287710897	0.19830069414781648

0.6751678968863685	0.670094206198173	0.28705263011966775	0.455356971771533	0.23259977674773574	0.3757270741373771	0.38448395394407814	0.3152669213286514	0.42209345399690057	0.46888751369922677	0.4060365298827707	0.26729067445394517	0.25633879286017114	0.39184534641514696

0.2424813999901751	0.22465265228590645	0.3113692967053697	0.5125825359890935	0.31154790770954516	0.4439325840403092	0.47508609040191374	0.4387318210014125	0.5826647923054247	0.3181579755237365	0.4452720470973872	0.30629347147821406	0.3621524068995217	0.24394204479275317

0.244423930042228	0.17899656291262914	0.7173957727210863	0.40766177614529864	0.22538677790061273	0.3080830754642851	0.3379653631327765	0.3085926502333013	0.3949198028308819	0.8153550827220566	0.37393939510968005	0.2576236745936519	0.22181151855801712	0.1854116313019597

0.36053745060201525	0.3345140860041159	0.3950823845895741	0.609715876666322	0.3646120740793941	0.5302600263671323	0.5234272963152841	0.4790361964699425	0.5755187713893972	0.3838083498674962	0.5792635142604692	0.4038160290632027	0.39639588595020214	0.3656260447491054

0.3489152245694824	0.30240207862405744	0.42018357810863105	0.6330092714530904	0.3910826923619465	0.45921565977169815	0.4699527580171802	0.45474811217477706	0.5640729925213415	0.36324608082259185	0.4688481720630737	0.39890016358261227	0.39462009739089277	0.2887491712437199

0.1488392216729934	0.09445305520317136	0.16430934678926423	0.2959951202528844	0.1612821346782655	0.26543946489881914	0.2275703795783816	0.22394362476398463	0.30889399751643587	0.14701764388903266	0.2816887961419785	0.16167377235919123	0.18530479892573534	0.10227029670003088

0.1341177439025936	0.055156658981158346	0.12902831015440303	0.22535817289516585	0.1404782856939878	0.25578218304822165	0.1987472918590107	0.19363435730999817	0.2856389515207824	0.12908967299544957	0.1503453200428712	0.12590566706145162	0.18550739336193944	0.08038901597129791

0.13196588991718533	0.05386554658991338	0.12671092893934793	0.2230407916801108	0.13789606091149786	0.2535912044448969	0.19642991064395562	0.19148250332458988	0.28363055446773466	0.1267722917803945	0.14873860240043305	0.12358828584639657	0.18349899630889172	0.07899858724226488

0.18665084497035933	0.1703813642499276	0.5995217325488866	0.38705058915322205	0.24799570839460894	0.3033795126114768	0.30221693319710025	0.3001361507622959	0.35885651199514806	0.6391589868061907	0.35678077134478253	0.218138929331594	0.22541680144761708	0.1863932306955247

0.5137735360777357	0.10497653650983485	0.17309763592751043	0.31241839400769533	0.3293006423938695	0.27749905320994367	0.26336326625855566	0.23664220140023304	0.32492664923603126	0.29729861251370693	0.29103566840242856	0.24014157353098137	0.191565072630602	0.27918607025924

0.18095646179463593	0.12568623007832172	0.16743499096754433	0.30617975698856414	0.19657315583322005	0.3367219687122536	0.256428060672653	0.250267291352191	0.33611492593812653	0.1615241132788512	0.2702488807700798	0.19136500805525197	0.204654681012654	0.13336128097866562

0.17997256773839698	0.14478178153083804	0.22059178460764653	0.3891611513548197	0.1949644452552758	0.3270214404090535	0.2994279841939633	0.5574391802341633	0.3561250562784871	0.20656347187708762	0.37339593225617557	0.514758809780767	0.22535864868559471	0.1617973000118253

0.2298648807834367	0.26858401623029887	0.2501153045872319	0.5257348740856536	0.25228349120202676	0.3511097725091596	0.3898605603731622	0.35701812768913194	0.5025077852985183	0.28226366419458754	0.47749037349537177	0.2915041970104489	0.35490813872742355	0.29087674677595776

0.26760725337089486	0.1694787115236149	0.271106463044516	0.4176816500497165	0.25080125638623546	0.3657998105024083	0.3568673707208212	0.34376699466013216	0.43695262398644674	0.3164478782470542	0.34385643014147055	0.2560426011835184	0.30282216432328246	0.23866929408275644

0.2037647357073778	0.14956068297226094	0.23608973804614514	0.38070460149651764	0.21794862480634586	0.3079910744904024	0.336417232251315	0.29988809297104735	0.38705835262249594	0.21790303332905664	0.37986913342996603	0.23323111741100516	0.225172646918478	0.17244856080371182

0.20999114644334282	0.21543139012151225	0.21111591072975386	0.3730984471580687	0.22244395363953784	0.3261827581548132	0.2889463953320948	0.28568986757616294	0.3698162032019134	0.20836732342993133	0.34323835999297864	0.22288935116681602	0.24628700542921833	0.16319909845745617

0.23407248257578567	0.26073987444538116	0.28327230374061485	0.5529832431488084	0.22094396002933372	0.4198233705561265	0.4811493775090657	0.6298702119365743	0.6059634423007736	0.2943252791462873	0.3970291436809693	0.5060750798852076	0.34074061275207534	0.2580275694576075

0.29604422741948744	0.31430234953365244	0.4110148022594313	0.5765059818996985	0.3349296297611406	0.5343186528711918	0.5788084881290463	0.5210346056033245	0.6898075131879873	0.4090529685506116	0.5169684038011333	0.36699779854290115	0.4250888392435599	0.31930249651118436

0.272345869236682	0.24589056183715555	0.32674836196988305	0.5363697848987949	0.3188318729777	0.45913630539290784	0.4473151171998421	0.5512208616787577	0.47794390781113005	0.28326035059015847	0.49161548362491103	0.5251925737656844	0.27683486708265326	0.3208300030679191

0.27473788155301837	0.24420327337856654	0.32685794646198807	0.6457583673441165	0.2846142805878955	0.42667656268452336	0.4546784457166911	0.6187139876688887	0.5705595643955691	0.2870291490763279	0.48637198131852744	0.5085537159976614	0.3525254024933405	0.29388529458420953

0.2320022991321728	0.17816449293736888	0.24162325214233	0.3653689316184649	0.20514377655923932	0.37378685196924377	0.309649360015559	0.45220855640589264	0.3841988781660854	0.24149675885492788	0.3638053091028046	0.4336854896252761	0.29440059695555776	0.1843915949117363

0.2538728978227444	0.26019863703976803	0.35011535944237265	0.6143943517291048	0.31469552016340807	0.48313919031469815	0.6242289752125664	0.5067022980617014	0.790864338912202	0.35203871483341703	0.4924225127485441	0.31950924537754144	0.3599822416726658	0.28994380398879127

0.23843504887054007	0.16763225809904408	0.29312280252059775	0.47806287922030655	0.20921263667047135	0.33353120735341235	0.4325029340245389	0.28343354084572203	0.4524999362591934	0.22434782343653425	0.4295875848270033	0.2496213220132687	0.2344311139042824	0.18674467113246834

0.15600361351067404	0.16920207193746264	0.180080747608021	0.43459419832072704	0.1850285321131358	0.2850499501424517	0.3700540476753129	0.2743332076588031	0.5212070916807776	0.18264356139113758	0.3573958935285628	0.19479790737672042	0.2652663416625972	0.1831481324153208

0.1194529861457237	0.0840804974423435	0.13645051283529921	0.2953792200091031	0.12701392163147962	0.18877707664778925	0.1852355589270909	0.1714978295418732	0.20198312832662893	0.10970892108699827	0.2840502046006302	0.12861129358597	0.08497668353697602	0.08272920966663434

0.1570996926346003	0.18939996917500593	0.21120163286930665	0.44584562904142344	0.18631020072928683	0.3302151902053545	0.4180853751958721	0.35794134203681627	0.5219679489222271	0.19493193523512614	0.38720250604279677	0.19793365950402309	0.3400179284995457	0.1804887682720887

0.20048849213627906	0.20010341268087048	0.25095230149578507	0.4271676178399334	0.28746006723935	0.352473798783269	0.40774728602655974	0.304939035082079	0.5247207395211141	0.23309091581025718	0.4162073069886087	0.26339868320194737	0.2696289690468219	0.20236746011056309

0.10414128793101896	0.07501695000082731	0.12264915227656548	0.3091068573406741	0.11868785911694113	0.18705802951312697	0.16519426254240682	0.14061645171708284	0.20150017013352947	0.09887048823341492	0.24523366148177947	0.11740339917806855	0.07252988150908285	0.07055936244523864

0.21177036240457722	0.1962213273840963	0.2888516387988873	0.45466785742497506	0.24590326920113312	0.34648684354451337	0.4129882647917247	0.445767001443296	0.4896687440826044	0.2950885950151393	0.4259706282074016	0.25830703082456147	0.28517939223988564	0.21980377802544576

0.17292466504047319	0.1569820295498405	0.21128408015725345	0.4514210630339072	0.18447013479266322	0.27470354426620736	0.3560023836384452	0.262853191429985	0.5027954382563589	0.1906837867402732	0.35765884466336034	0.20753282943855764	0.23258921335698945	0.16575898865407845

0.18391599424394017	0.15039206522623094	0.21933434062095333	0.422735271109506	0.203733527535776	0.26811241751377446	0.3310607827294016	0.2754009440135494	0.45116681341430415	0.18867878192425325	0.35893725851893665	0.2407062984313275	0.23526676799850477	0.1780920002969541

0.19029790461967433	0.15980781998449234	0.20337608384038852	0.4192462790126651	0.1859903272124106	0.282911378756175	0.2840243084605466	0.2879730775536838	0.34236834152574036	0.1836937559933019	0.4059083508385411	0.20738422067504791	0.2093044072691129	0.1857195903501933

0.22012927971320084	0.19423401713818117	0.25382270221711395	0.47336353951895715	0.21946201548587985	0.30631465568846206	0.44873782009420554	0.34924185291207854	0.500857890996327	0.21963435774437373	0.41777648979757903	0.23431061382105445	0.2409791465873752	0.2039710240556627

0.25695964806649657	0.2713332367031836	0.34526057953887734	0.5379687021733295	0.3218095385742854	0.3861269280851102	0.547807521364352	0.43980900346262786	0.47033375729818583	0.27082261789750595	0.5255195432328204	0.32045135483736736	0.26741938369423873	0.26760365227717275

0.12033494583960724	0.1194082257211319	0.17415801017821708	0.3072324347425197	0.1490811638264327	0.2419316442239006	0.3089846445018414	0.22638640209287633	0.2701182494222174	0.12705709693718803	0.346381406316506	0.1685517467323181	0.1271969351942545	0.11793921414337903

0.1926036125747457	0.20202835417867046	0.22335910624338018	0.4518675473633784	0.2383339733591392	0.28220135445733135	0.34856937327982185	0.27928821295875794	0.4041231094961786	0.21986433543751088	0.37637056918289136	0.2303195045704689	0.2314606226537162	0.1842543040409798

0.16778843043659414	0.1745547854397052	0.20080298499418958	0.44818824103179467	0.1893260407569166	0.2837802918787208	0.36980409426952265	0.28590204727814683	0.5199675515888612	0.18633998636261973	0.32228605448747505	0.19640278359492264	0.22019112225891724	0.15984285224562528

0.2551291551200809	0.2746460023637267	0.30813824433135567	0.5735186348543417	0.2917811221118395	0.45091223074385206	0.5264533622026522	0.40568046252397255	0.7260089973055639	0.313042598700724	0.4988790860119693	0.31075440883305505	0.3441585823790737	0.2960733350571013

0.21306403040657695	0.18653144205554495	0.23510723581553067	0.5176321142989093	0.21385758011578992	0.3393571779753519	0.4499511632915017	0.48405412826144956	0.5680153962646401	0.2334684537723288	0.38607478140577883	0.3878884430441134	0.3349262506807227	0.20353243076229272

0.15269981275442573	0.17987737763284342	0.1952793463325155	0.5352462390531062	0.18468370976734508	0.31844633956942614	0.46764870381341755	0.583747347343026	0.6612647416771631	0.20834820588737793	0.38118434701827664	0.44617938419847913	0.28497850360071536	0.18845831784610867

0.3081054415771384	0.2806246132005431	0.30590539963004837	0.45688233329309536	0.3292786470654565	0.37635503120009306	0.3825845136138591	0.3457437048084623	0.3895459089619434	0.34705698191579504	0.49295275449489717	0.3578761824446236	0.29380123164074484	0.2919538780841337

0.1910505361458146	0.2010389271374614	0.22385142375981096	0.536072027095375	0.2214251880289521	0.35885500628320177	0.43889233400362665	0.49395194097986805	0.5309511329417309	0.2234631507078666	0.42243196025172536	0.37951307095341935	0.2943498518208849	0.23624978711807593

0.21033350345301005	0.1654088807215826	0.2189411322535626	0.48526879631586356	0.2133083837492672	0.2961177179486997	0.6291418934519426	0.2988594183886689	0.5314848755284489	0.2129466245762422	0.371771317704887	0.4019350767347206	0.24173345940387037	0.17295977006097474

0.24471801143127297	0.23516374638692117	0.29033172509803346	0.5667864051733387	0.28683104577839835	0.3976168220926918	0.4666742424999614	0.41429223960736866	0.5944356798435143	0.29680271938035857	0.4852940757428311	0.2997342958167098	0.3211699492775272	0.2945806283998342

