0.8678871600181515	0.09805886423256319	0.1853013934724163	0.3316752436366029	0.3435775120640146	0.11783598080612538	0.13021688079464805	0.1611126098308157	0.18887858433985016	0.22933287182015993	0.2584414012839096	0.5494524487882977	0.28991780980225845	0.2749432556170517	0.5514747505320564	0.2659734738673496	0.19717979812038317	0.5385156608751585	0.13923114318907637	0.45150388490513127	0.4246742312591462	0.2448456102727235	0.33541423417251326	0.5545289273946161	0.2973557707937988

0.5041641000035708	0.7245384646741566	0.3734905947123621	0.4193766559559786	0.4892154033301984	0.2677947026562101	0.21511163595551996	0.328390245427158	0.4207848761833742	0.3394199742899882	0.3800007134576642	0.5788753958775545	0.3826670158998099	0.32666240422234527	0.5803675327398774	0.358242070808677	0.3149407074213397	0.5584953939249397	0.2066622625139264	0.5370357953052703	0.4546866242479949	0.3762866944859475	0.38219508654680157	0.6049129511742833	0.310460590656903

0.31352669798062305	0.20807440406830796	0.8612004277349105	0.41290848809200337	0.2833381130406011	0.2518352249780288	0.18507950427128345	0.34006209133085724	0.4221795600099409	0.35936717566579185	0.4106145753027305	0.28190646046332696	0.42552626152542095	0.17980744416730046	0.26363273539206833	0.38416211683739127	0.3366809547699507	0.29691608939738023	0.2390698878284681	0.36633705348330625	0.23604370914395845	0.3990904156599269	0.24498676643320033	0.24479011622244023	0.30020998901302054

0.2679227907686466	0.20439752110784087	0.3025526349489185	0.8227374092770956	0.2172485061980387	0.20045591271427585	0.19117837167087456	0.2540795318145598	0.25514276164732996	0.33154313002853714	0.3123775498484925	0.26421266506341595	0.4009166219696198	0.17654105531349074	0.2524268957162223	0.37666497040213787	0.2833097815391835	0.2994149815595288	0.2521200494616476	0.3270805749402113	0.22035302849276706	0.36382062681632243	0.22498648654871597	0.2416124797467689	0.29144751620088566

0.5317564874850117	0.1830058445037701	0.34834059912831405	0.44506174449314595	0.75688228161674	0.23814711864447696	0.1714230752772147	0.3401572931289587	0.40615377640085915	0.5637039770034418	0.396226984589559	0.6469673979446081	0.39384555639463253	0.4001696234891419	0.6572366706932777	0.3605908783024645	0.31797122799872557	0.6312086208038284	0.24117051247751403	0.6230962516907337	0.5297607613325857	0.37143718579852486	0.45854858432762613	0.6788826298524591	0.29980321458338277

0.17351866381003467	0.15920123735004402	0.25169921346118196	0.2736815834224496	0.6217287473478192	0.2031926107089051	0.193265966851759	0.18731386262684652	0.2525493627199481	0.22974475089854335	0.16461741078935654	0.1662490325163242	0.25341339174714905	0.1698996595026181	0.19753790043738062	0.2768505038332126	0.297159711575851	0.23964924523983577	0.2049001622230544	0.1800972559009001	0.20217029352210633	0.29655726894920664	0.17550213624761576	0.22861127658348154	0.11013431062940712

0.4640782356458022	0.15729468252723022	0.36560847609054425	0.42770580926529134	0.2967468393340201	0.5554628293069295	0.6635664477915313	0.32914146608386946	0.48766447518107836	0.35302897565674973	0.38353945513894055	0.23570951329949816	0.4194587417841456	0.15190901670178789	0.23083594477763267	0.3434093796191542	0.29936093475057235	0.2779108368327505	0.2195680921122541	0.3362098488003041	0.20857827292851436	0.37884587148279153	0.19596315527150954	0.2128472702141076	0.3784300507826403

0.27479390244782964	0.16713976321664353	0.3595457520565454	0.3776213619135257	0.2840330554372895	0.23958369663759269	0.17582133400858102	0.7994118432313428	0.6270596896874552	0.4410799698531382	0.5485527105615292	0.289826472598255	0.4987073388191576	0.2066931524687106	0.24152221525301865	0.5623005621012993	0.38204326580567294	0.3891620262688773	0.27300043096512694	0.38390392328271383	0.23478212138640486	0.42251775358225596	0.22841679189920588	0.23588192232070324	0.383485674522773

0.280576103486144	0.17642464503378052	0.336686924730785	0.37754706839264607	0.5236871110714305	0.2497994108454808	0.25768604611303014	0.3581997347083468	0.45352297876929115	0.8950953252885343	0.3600482148457074	0.2645138676656156	0.501084436631745	0.22403799110993033	0.2179123204013912	0.5413083335140406	0.35468004656480445	0.36155753181790723	0.32109023181832863	0.3906034448479333	0.21344629100412327	0.4823874647274622	0.22980451327091767	0.23858117962754882	0.3825381974276112

0.12289867698415104	0.10301077491570168	0.2359583016537618	0.23871308573586925	0.24448178074752508	0.2544883029916533	0.21830755528581647	0.20289065780544685	0.29821660897325164	0.22856724080598867	0.2658214003975253	0.13888738958662122	0.2429099430322569	0.10945565392279319	0.19110402890702055	0.282172683868974	0.20190253369889732	0.18716060372809817	0.1629913946844801	0.24210086181420934	0.16684292779872323	0.2867575437621737	0.12137051661367244	0.17130400416340508	0.1781296266619973

0.31393464671421434	0.2499538638820934	0.4186699619130696	0.457781187735275	0.31618748311477796	0.27290622195767883	0.20572901372711577	0.4482667099439429	0.4992592374587252	0.4242253285907689	0.727207169804126	0.3002154089061275	0.43690225423717605	0.20468615515388633	0.290132536277719	0.40081645382180614	0.3558726206763294	0.34736518834479296	0.24076667026907844	0.40173657465894885	0.2597083298992403	0.37409270238924647	0.26892033118284514	0.2635494946063145	0.3101180529674973

0.2551101894656189	0.2152180508471404	0.6992442916452346	0.3624809584646935	0.2869403162058439	0.2532743831148172	0.16150671498876837	0.3390162203925027	0.4469325779914482	0.4116579316349964	0.4055317620569576	0.20087223993882614	0.3155185791511371	0.17024470085524407	0.23306685102853308	0.32484286293894166	0.23014814967288144	0.2722772193306021	0.21502411557400092	0.32080814317383255	0.22231898201980127	0.3217638356306515	0.20512893677246768	0.2254944484892549	0.2348000157458497

0.25353264803839676	0.22212077722006052	0.38439461828700183	0.2965019431937179	0.29736273892360504	0.23993844741120474	0.20898978138669486	0.2664538553452509	0.32559460835813736	0.29649460386083304	0.36321548934514547	0.40480913304872546	0.39383309480523804	0.3980782369266873	0.30206966364649934	0.4085660550432828	0.32909976987519374	0.28933223567116606	0.5557688137719852	0.39322605088568435	0.48904407339374	0.3808321237398265	0.4412185322929266	0.2445507384708946	0.32367545603585346

0.26737083237414166	0.24437393521286926	0.4396290808674045	0.38000330025208295	0.2811360330904903	0.2715728743069798	0.24300107926810202	0.4128825939370926	0.4931596478352962	0.3894392363805851	0.4025278980371212	0.3222127982495756	0.5488910028205141	0.25616699605488713	0.3011733910153591	0.626591397851739	0.41158561797936993	0.4241326037607073	0.3631964873155641	0.4331966246329013	0.2537433486075173	0.5253741871842517	0.2669223993408724	0.26718202428393056	0.4270834011989154

0.29637142232461494	0.20597496307283925	0.33093926485123937	0.36846658461540593	0.24853143168636146	0.2286016671035356	0.21794699159373043	0.31545073378477473	0.34201397594569466	0.39731256397122067	0.3294563298358636	0.31702508300876153	0.5262460085136227	0.39309190340000455	0.41930310688558103	0.6287847894786707	0.36979726432580473	0.371068831728424	0.6820007560427161	0.4708311887370262	0.5081296133995199	0.5447917725571716	0.43696615097122216	0.2608557673798625	0.4269883133399578

0.13046016102401503	0.10716538385490347	0.21471144956540245	0.186938864491033	0.20203388821812063	0.17864547474889494	0.12418986980407912	0.19582110618486315	0.25732903096973386	0.2083844283470479	0.2747922128909448	0.1748792839194494	0.27226315707365556	0.4548118446784133	0.16605979270565768	0.27179507049407603	0.20293698089282797	0.193478594868396	0.5973096404553631	0.28005645824491104	0.48601853566772585	0.2818556152173335	0.41014926674448393	0.17910762536503824	0.16641779965918213

0.22842476316262403	0.15382866459816116	0.3160533658584542	0.2999180815414019	0.23716369863963807	0.2267677581555556	0.17857291071002218	0.3066686619798077	0.394060204265289	0.2945194732554014	0.4152910017832836	0.29453462371553674	0.49611288660826547	0.3469929319586621	0.28706637275734287	0.3689960551018874	0.2805460540271612	0.3026236315651264	0.5790085203128628	0.36245613334842275	0.49347166395820075	0.30984461309187805	0.41784921666639896	0.26191031462959163	0.3373145669174835

0.43096671860197205	0.14482333339902387	0.29303073079642294	0.3334968729970566	0.4032883621565466	0.19634616234658597	0.1802369620573238	0.2700765899169745	0.29369211134448364	0.24457091838748649	0.3599925496106297	0.7432818584805848	0.4807784412695506	0.35629069256769375	0.6234227523211184	0.39775116610746064	0.30419213293907466	0.5981447118871304	0.23106269243092128	0.6058457678371032	0.48363581305325143	0.30950011743732997	0.41360028386866426	0.6268130071063447	0.3518418307552038

0.44762681791627573	0.18451767293285917	0.3579981755314784	0.3338415928154	0.4573290045002961	0.26008098496405463	0.2197767291762703	0.35418328734456783	0.42771417327161154	0.34613275904429314	0.3536377636542537	0.6652380299108551	0.6766952898162265	0.45264369703197593	0.6267112699436459	0.5991356510227837	0.3694511656624949	0.6617764693437223	0.3499853446151824	0.689272902546036	0.5179896338162058	0.42595368605503825	0.4411474605678668	0.6471287830778759	0.47353843901243564

0.21996489933896785	0.16332109991216268	0.29472596717803445	0.3123590160167183	0.2289675418994787	0.19324278339864437	0.17994862345094767	0.31552186414513994	0.4072883154591106	0.31223225616285233	0.34979814928556546	0.4029112502271029	0.45943554834845557	0.3937737522680882	0.22518825822400984	0.5583404500808182	0.39516070460946784	0.36002926064660645	0.6317478122730653	0.3243802548263748	0.4914386420245014	0.4889279199820892	0.4125969566148402	0.23815944066972417	0.3767978959286916

0.35659120238299324	0.1085517860467489	0.23019981461307254	0.26547704958276663	0.36677299300654753	0.14739062146714482	0.23759190967824337	0.2913562806487215	0.42364764355505746	0.26329577390004155	0.32376947493182195	0.5639606850154779	0.41716271230254276	0.5152172875071209	0.539940867276276	0.5084482023578664	0.28110100911075686	0.5888316008313933	0.561429777606907	0.5336236638631627	0.6589374301802082	0.40906887339424	0.5041259420486662	0.5598788476309335	0.4586823135539495

0.22056209183422174	0.15337443261850384	0.29093878614689056	0.2943200179275518	0.23738160738868835	0.22218658070453357	0.17825177874317533	0.31852385500461045	0.413828130105261	0.3129467713615176	0.3552537736581184	0.2917390029906335	0.49904816044299694	0.21822040228604633	0.26029222393066176	0.5452736276226511	0.37296933607591864	0.33475630664377404	0.3556130608247394	0.3628044388273247	0.21621767594825297	0.49124363170093444	0.2348371268901977	0.23509122973716937	0.45255531557923967

0.44988069819603294	0.2072692389880333	0.3626620074201508	0.3627499812833016	0.457420130704574	0.2518494067193176	0.22295559257577013	0.35975659278910055	0.4586180113668937	0.37926986464230794	0.36679301606213455	0.6234571891560403	0.5162704903249203	0.3920838744093894	0.6214626585869731	0.5584385306162206	0.5683931576518846	0.7019562188118268	0.3520160162418824	0.5961675028767977	0.4713671763812154	0.5752733033926131	0.4231476983874187	0.6334830562282867	0.4183678438048796

0.25146840810610743	0.13839201626989997	0.29627992427086025	0.35319656868683547	0.212217785778193	0.18318759821116332	0.16628095135234977	0.2791678417442477	0.302726053791911	0.24419260058510395	0.3766206097408629	0.4760533500700225	0.4667966091399738	0.173776766767586	0.3077455599303575	0.4176635108708217	0.29200883680806883	0.3216459181535893	0.23735131278869048	0.3739260833148592	0.25719027587264465	0.2926755745174261	0.26512366039186175	0.24699169486523415	0.37152696384542583

0.22775545788269902	0.17919658114156034	0.28532253670843866	0.29687082869635306	0.212211036225734	0.20079519971992454	0.22204169200783072	0.2905020548140761	0.32726821925436766	0.28422018140836613	0.2871430903383253	0.2930433552415651	0.4859015462947754	0.178709408731301	0.2381361805751262	0.6750205085595252	0.34470942707314955	0.3518897979733197	0.25210752075786624	0.3720222092695455	0.2553679865737908	0.3881152019513981	0.2192129798783426	0.23365716635695555	0.5037998127102636

0.4060016716044691	0.1462945944386162	0.27761311104049746	0.25696289297999747	0.4473408050835123	0.2129228717531605	0.16070481390680197	0.2800605628713121	0.3750735787510996	0.279689863446916	0.377990788326958	0.6035163359040309	0.3503514177989357	0.48648425392145345	0.5890783332514913	0.37538932869553343	0.26481185683034314	0.5987494386340825	0.5232146576796132	0.532646907102115	0.6951932763351389	0.2838074427214557	0.5483840172432721	0.6301821999862949	0.2725050948437166

0.3901215449851502	0.1620938722249392	0.27139003963017744	0.27311588008669374	0.41993806128601047	0.1810046979396443	0.15451408825361854	0.2380147158109635	0.2862306655077881	0.26265274857052606	0.3226997814239754	0.5898937532267673	0.38107120200631417	0.3678367536436501	0.579943831843383	0.3335339639993186	0.2608344972772559	0.5487912672773378	0.2036079391191027	0.5520009834880507	0.4353102128400309	0.3428546177774416	0.3854059550979084	0.6073243012192423	0.2715226364309904

0.12904332463337378	0.11751544652008519	0.19995888229713046	0.19784530006057283	0.15434105882753596	0.13522935579533585	0.12258996028849042	0.19852495286626892	0.2634775034735988	0.26812988671018223	0.2179445779241374	0.15134791397498928	0.38951932118774635	0.3299766197202067	0.17553820492540095	0.4846222155116463	0.29246869474245674	0.24656689639126228	0.5860887495029774	0.28856255313197143	0.401896643933046	0.3434607748715272	0.33429084933530406	0.18709714966256452	0.2949951114152646

0.329544616428055	0.11592489022312953	0.21006098454699246	0.2205160917104002	0.33951575220416735	0.139387735005371	0.14583713112103464	0.1856957209408137	0.17574085947223217	0.19455363107010915	0.2193635046436788	0.49180277687885354	0.2826928594642413	0.44389581850552695	0.48525223855428556	0.2522258504960134	0.1946448696721239	0.531704600727722	0.4999129041871435	0.396479968033729	0.6220010621418958	0.26883293350257287	0.5185893442237862	0.5444391802850601	0.16815801980590253

0.17567189609131767	0.12863387535171578	0.2684980464836448	0.27089459148864203	0.21253010130990554	0.19636156989897618	0.15571939989467454	0.2685228306233664	0.32657689948315843	0.2196224117923777	0.34446828536490726	0.24656560614868375	0.36144202372164436	0.150654136767475	0.20005285934565362	0.453187114865509	0.28636311227355976	0.26203658317062095	0.18230945015819605	0.28823413554023775	0.20881920400425072	0.28920897857114053	0.18681617355812366	0.1982120461333862	0.2729008703554658

0.12887672976408293	0.10538992153866156	0.24803765183522875	0.22322948924449904	0.18259666853301734	0.18419698708399634	0.14625793674515025	0.24260915970184327	0.3234042742156423	0.22063537400963357	0.296451588528963	0.15870017813704146	0.2777471473582852	0.2916142607479422	0.18617299976870327	0.24714619839223248	0.20733236971013635	0.22511676095290234	0.5239940262057803	0.23100829247840435	0.4106267041464732	0.3065600024748559	0.3515906652664179	0.16245779394389848	0.18853053571516315

0.5020369557232616	0.15944541992091454	0.3285738095963602	0.3149656531957925	0.5192022332081969	0.23315603996318154	0.22658621716948985	0.3339421040840406	0.4728768806659443	0.3128371167402641	0.40089211708030775	0.7152994678144147	0.5141553667992285	0.42140973530311776	0.6764619448107945	0.6853519919659272	0.376529671032412	0.6890295684588412	0.3209736665425036	0.6687363149670675	0.5773254655663395	0.4387074249935631	0.5191361449462591	0.6893550889698519	0.46922332554222684

0.3609764597599632	0.12241100096173443	0.2034948382582079	0.18774734254957764	0.4047835862145117	0.150972309638723	0.14934015948432539	0.13398291570813053	0.1536905203201438	0.17439975831008014	0.18320828465004918	0.5220462466038187	0.23706947038049114	0.5263719232102333	0.5830976724341793	0.41351864658325277	0.22367608223497132	0.5349008631171914	0.5240558936096916	0.4532674446450904	0.7804353140494964	0.22701632270757055	0.5822455783274111	0.6227835605067236	0.17993977591277344

0.3867348227263601	0.15749836345749818	0.21098187152126804	0.20455412454058264	0.44016917027238756	0.17366989985104403	0.20217892398871076	0.1585631914421391	0.20451262651985175	0.19213340543545981	0.152058570031846	0.5239214071807565	0.2521832704783764	0.38478509284071644	0.5743691036727814	0.2963862744265032	0.26695370927565465	0.5408211306167908	0.20781858941623804	0.43515804369288147	0.4860826824436202	0.3181721911086314	0.4012712224909567	0.6645205680334343	0.23883899769698036

0.32787014757657496	0.13739181082472762	0.22717426689255033	0.2022601837767299	0.39747068543210884	0.19406156932045002	0.16013577051896	0.2496526603543788	0.35000146687799655	0.2912474450422016	0.25953819804854406	0.4955272361970618	0.3732671819501067	0.6602893959745212	0.5359527417452036	0.49762262093061493	0.29053113144299164	0.558981119125298	0.6527451409463104	0.5259707336402353	0.6914820284899832	0.4056283820495963	0.5354483080808519	0.5609785527990927	0.32252953071738544

0.10704856477986184	0.11058417233866773	0.13936044236827805	0.13347480826796962	0.1290850829908763	0.14161940320766672	0.14781932551420768	0.15820579409606972	0.1909614791644568	0.18154951701817146	0.10087128058775624	0.11610325015635262	0.2639523335974443	0.3298507398093731	0.15941521621970148	0.39855126709056915	0.22058181825313145	0.2271470640400019	0.5730659238215574	0.207644385483311	0.4345787792013375	0.24308848659867482	0.3420166527854716	0.16716716360981326	0.27692867727698894

0.3813376458791006	0.1281111628863627	0.23266690589585082	0.2745786662623307	0.36740688135753274	0.15677396971317265	0.14732500985372307	0.28490913419051606	0.3549940658000309	0.281976497767877	0.31783459078981874	0.5864786365693557	0.5020315728398594	0.504534899040233	0.5206217791977265	0.5958023230596213	0.3628709855436617	0.6327108601899689	0.5858520868775817	0.5058618843162579	0.7466937258922777	0.396316032485152	0.5263432525590288	0.5684752459789137	0.35634559026812523

0.39673322221726937	0.14966921380156778	0.28721427507968467	0.2874238223709159	0.4477475560284562	0.21691491540328325	0.18067081444245942	0.2701102430553898	0.29674935440282296	0.25163500839144104	0.3295863003085727	0.6008862911212423	0.37267641165588095	0.3552766589058969	0.5704690250173262	0.4416689435173795	0.2682089621432113	0.5681850611229551	0.21213158337289734	0.558725451447867	0.4754354627403498	0.34022988461978654	0.4178853082149536	0.6101787807472308	0.272550690007659

0.19888943090014288	0.15795186714461265	0.2407162082576204	0.2777691498724716	0.16367126103185864	0.16293883295878941	0.1891504345976069	0.23767082854611	0.32409745703476345	0.2777471717138035	0.28743719503021437	0.2415272286565009	0.42448049104324304	0.14598545641284266	0.2001651900059805	0.515250213804564	0.2678650025728537	0.2783865406645966	0.23312167933357417	0.3348491774197119	0.16335209011359866	0.3913271741578701	0.15958778066430285	0.17608470903633297	0.40345808781447845

0.2362779445503913	0.16725117146470378	0.3536117983166207	0.33668692612638296	0.2721192956460766	0.26229227154395507	0.21534803130133534	0.30602984595419663	0.36498333561050567	0.33561325169050094	0.3646126451814792	0.28945586870004353	0.45880908837441237	0.4317541770951529	0.26996819275860284	0.4136718501399975	0.4050402409294489	0.3492360155213431	0.7443842549574669	0.42506239698987924	0.5848621676795485	0.5207243766609133	0.4758328181668766	0.26606045928349137	0.30175639592300507

0.4680962414122957	0.18737429710622763	0.34039866776512834	0.4117355981100106	0.4686413140927198	0.2594915719168678	0.2373879414995657	0.3509660758752375	0.47056304314258346	0.39541319879861836	0.42927313292479186	0.580408996559794	0.38382042543650996	0.3773901463892917	0.5937093645688077	0.4859876945503455	0.37226349032670103	0.5955293406053136	0.22975307142335943	0.5878250321903016	0.4811611963842756	0.5105355923451524	0.39178895513435263	0.619689698337241	0.3042511322450618

0.3930944734193786	0.1687988122154416	0.30417319177865976	0.301771589017773	0.4215574030699474	0.20210912764693764	0.20513117296532224	0.3234667618812626	0.3805564128880345	0.33853929309348235	0.34231730813797384	0.5874780531488308	0.4833880675605605	0.5069326997203145	0.5897683343118221	0.5517359103436644	0.39122894509083433	0.6595996339559718	0.6041997456074519	0.5748407552178613	0.6907672435633404	0.4384946789893423	0.5870883778897251	0.6194307086989963	0.398007456743911

0.4035578718817666	0.16839769061055104	0.308096698518536	0.3163417192660122	0.4432422118690817	0.2633323541142232	0.22115900533703764	0.3219444007754819	0.4283043667429922	0.3313764928184628	0.3442637854579247	0.5613115443454079	0.45456150433663517	0.5008290927128131	0.5753540711010989	0.5084324076767581	0.4523202890342001	0.6119369580414058	0.6130645681419025	0.557743229713034	0.6587454657870446	0.5941472091913446	0.5159677850152932	0.5953497075931662	0.34929542134576075

0.41184537293083867	0.10171587772668278	0.18740453836927323	0.18061389989712678	0.4788250048127083	0.1685970775240978	0.12670297479449966	0.17789877642453758	0.24864047537502657	0.18660743333684238	0.2518542375770588	0.5814088609518748	0.23366272918583508	0.3800221862662584	0.6175945323275476	0.2798178342950574	0.18837460903124456	0.5576082511177607	0.17950268741823228	0.5218912082262647	0.4938962336522842	0.24768641846151768	0.4007823867795113	0.6521911257818387	0.19618805069734682

0.2122898963462706	0.1479662826198326	0.2860523889003215	0.3084616040209495	0.21162068806615927	0.18020475877788228	0.186655176109053	0.29903103315057267	0.3361216165880839	0.27429606353215696	0.32004112133831475	0.37755524257835305	0.5494059030572134	0.4142519324591545	0.2541873846195617	0.6441897954352974	0.40174913037483273	0.35705182811566344	0.6730249060444915	0.34595392333005304	0.5364010266943391	0.4121987728526526	0.4408812441580964	0.2279874027079796	0.43050517941748945

0.4721822954177123	0.19315994907446676	0.2982322015497123	0.3432351834828693	0.42929419249310297	0.21844131847597428	0.27496369040553553	0.30324853701613463	0.38337303939922396	0.3987057161583621	0.3472622791097967	0.6116491348947641	0.46068506890304567	0.5357017304360236	0.5950794250218351	0.611234615460873	0.33641990101616176	0.6547704743644225	0.6201420160635809	0.585063731435457	0.8106695779714096	0.39600623986202693	0.5947827083688635	0.6228359461237579	0.37151330041242064

0.26676530289615097	0.0651896423107654	0.1589949247668351	0.15294022042017705	0.31807155365670137	0.14168425702092213	0.10191090051172375	0.1506051561507948	0.2372139101753988	0.1583210027478087	0.21640196798573524	0.4167467238959942	0.19123648991268238	0.3844943920577595	0.46923271490319945	0.22768093159523745	0.17790555330646265	0.41705174843618886	0.45259215173755796	0.3710032171825276	0.5731712709033161	0.24303204681995993	0.4117792131825755	0.4945501272707995	0.14518600556921468

0.4861874516990419	0.1959781990004597	0.37168408714918105	0.360807167441363	0.5047141694868217	0.2973865164477096	0.25344708101195057	0.3715187063600729	0.4685417298222218	0.3972105182202942	0.36675104432443373	0.6503802340740128	0.5112849805896009	0.455170775197974	0.6327521713795649	0.6691513836648179	0.5016595358445127	0.7295063021360433	0.3930296597636399	0.6436883573447172	0.5332327199511195	0.8086323458142228	0.4687452369164263	0.6684321666119235	0.41504528298039317

0.4402710696316479	0.19652716004954318	0.32282043168153185	0.3170634859603838	0.46941195298056304	0.2413703152180811	0.24730835687831643	0.37877543697279553	0.5306336358028242	0.3919912987716848	0.35948838477265443	0.5912799788302884	0.44379100435289487	0.6062210752910153	0.5988982462661039	0.5907440718209964	0.4317640902680798	0.7201625764440219	0.6877902194036623	0.5901254664877817	0.7605482199234257	0.5851807180143447	0.6012479595253155	0.6168221923809674	0.44003582644461336

0.3631525928702195	0.2708547827004431	0.30843496339590304	0.38455721218479294	0.27340519715991235	0.26105308751314027	0.2673293688985705	0.19646197479323516	0.22746624658541204	0.408695276002204	0.20990936332238389	0.23491683896269475	0.339845151201551	0.24288516797178417	0.27653560276219064	0.3466261630049594	0.32246804549088626	0.3009730635602334	0.28772136912356067	0.279016378489773	0.269262158577987	0.3529798824321251	0.2530676085024493	0.30514203560738307	0.24117330756188252

0.21279237318679656	0.20465221356337104	0.3082083811669616	0.32023566507331297	0.20636458542304617	0.2011720856591546	0.220009182832889	0.3253269996553496	0.3421743707127092	0.323232830478485	0.279882581914204	0.27175758412592466	0.5064568571838481	0.23248087234112516	0.25516555454128087	0.658551765140819	0.3719341146443637	0.3972999768367729	0.3184459361682239	0.4137861560749707	0.2226838258638435	0.4557771140357503	0.21748345358469434	0.22257165554186553	0.434802598892173

0.4320870164773307	0.22736823638132644	0.38557742401757256	0.3444108254470814	0.44709033954277555	0.24581716825625205	0.24906214505022817	0.3898075064657459	0.5310968526573011	0.4108038743045376	0.44057673884902204	0.6031786746458889	0.490344204036412	0.509415645862788	0.5868803778068689	0.5685079644596798	0.3479721438561215	0.638404572416154	0.6240478404354964	0.559477689703329	0.6769205146399877	0.45925775750597897	0.5505067486408826	0.6234401414412263	0.44275384311723714

0.4044644546895098	0.12687819163940758	0.2762070828214162	0.2869077873812287	0.42867248520853485	0.20974525365607277	0.16574877020963902	0.2691913223055671	0.34502213366208395	0.2684215086118088	0.35067322184720684	0.5912082968374524	0.3620173331434764	0.5091463899783547	0.5711769912556376	0.32481652412829465	0.3225717044281841	0.5902481505295138	0.5778395014448506	0.4866495233579264	0.7013406351916729	0.423289963332245	0.6917404393708159	0.6030135903812327	0.2719308100093817

0.3888114600678256	0.14312769598671327	0.26191602349319043	0.24506686936926952	0.4283552240158288	0.17815927451493382	0.17043811716270085	0.23417531927490962	0.2743377476962887	0.2737156791378913	0.23639346613370016	0.5556173710198764	0.4318033798406992	0.5654564706643077	0.595880141655758	0.4914085323822672	0.3342695499525741	0.6432613427905839	0.6447211339096643	0.5308550581141358	0.7351102719166456	0.399368346524524	0.6667783551786339	0.6493840925254986	0.3205854546860475

0.19969827841439297	0.18369793386323224	0.34640709822717997	0.30155027994841455	0.26454134734175916	0.255035389502294	0.2316442693134242	0.3239742082953143	0.3322415672412743	0.2835054707001642	0.30643097482773607	0.2227538342624787	0.37709448587064986	0.1946668251042948	0.2612784409533958	0.45582767690455783	0.36091179567737575	0.28679868915476686	0.3154505570322477	0.31986664143863863	0.2961846852054443	0.3469333787994179	0.22225889174783386	0.2562312914390897	0.23349363852559135

0.4890532242553811	0.19893120322076094	0.3243479398472727	0.32203165766022146	0.4824448271133887	0.21069249173824972	0.19694319652443398	0.2967405988958682	0.3360536798404797	0.3237593693772801	0.32657111373299086	0.6821361532994731	0.5149517900376117	0.4351874746548193	0.6616248346633118	0.5409875525136333	0.38463143409234457	0.697956578045501	0.3148068571246585	0.623530895200721	0.5206696493263241	0.49582427395975137	0.4841613223832202	0.6930854203499544	0.39726450820425635

0.4437672129224616	0.19234246486435458	0.360900495554796	0.36065678226196485	0.45358195164646153	0.24633022869848448	0.20580160196435385	0.3738977384100114	0.4568996591615311	0.36511745054350275	0.45368154126270527	0.6298199669751698	0.6164579885301243	0.3459588396019284	0.6112923564155608	0.448502121217665	0.35438020002051507	0.6298483796294388	0.2371431349895501	0.5533020203263601	0.48975415886199425	0.3292179681201163	0.4076674492130216	0.642893899790516	0.4100836521656057

