0.8190299679884655	0.5332800260971884	0.38066582858208176	0.5499251352021888	0.4522935996015616	0.4362911688439642	0.5970841860097285	0.3951856146326975	0.6083836518024666	0.42676438577069026	0.5439785803514599	0.2624800029509213	0.4903296773605246	0.281191948531504	0.6647360717994794	0.4624336122613709	0.3379830477463627	0.4834922946415972	0.6677445945040454	0.4706460862478534	0.5056546090028471	0.3307663264097034	0.39635418000518674

0.6052845935087745	0.7371435451294878	0.3437477508694859	0.40430815209307913	0.8435811273339251	0.32178571809013723	0.37359610807186916	0.4283182816851909	0.5018798824699625	0.2920042024261879	0.38607727656958735	0.3802337873984601	0.5321795531425317	0.4958125399960094	0.5768574493326474	0.46172126528057933	0.4443946040714545	0.4360535627077893	0.517749243913069	0.4726817230206128	0.2916806687472608	0.36091904495257116	0.3165333181693424

0.5015686131217232	0.23766501941630835	0.43499561284630395	0.5371901662716521	0.3082368616482976	0.43640133915646995	0.47978631204224165	0.5060410939524513	0.37844197422264014	0.41118349361857853	0.5332673469575059	0.3475628272716321	0.5638504746580557	0.3114552292435263	0.41063186573459143	0.4865497343932851	0.3442891379459658	0.48600160909785006	0.5282977360351988	0.5213143858083462	0.5233075549037207	0.4007293909146025	0.4099798939371895

0.46482219103439215	0.2356493747602592	0.7453151490660226	0.6530518849937883	0.3237197244420967	0.9779150152646492	0.5508871723211911	0.4823790602061502	0.4743509558392668	0.4253574106145537	0.5682747263239772	0.37248444248510043	0.5241402696524702	0.3116202783300175	0.46146299227824195	0.48639069622573083	0.374918012766012	0.543431514236493	0.6190361525877535	0.5463246721860857	0.4061269091908793	0.4953734623622408	0.5347289686816843

0.5246203436894938	0.21945572779099387	0.504253330827497	0.6078091557629959	0.3556612756662736	0.47301052867636717	0.660191233834224	0.8238196680568297	0.40839902797177563	0.4837331675561525	0.4572062664495639	0.4043441532011529	0.503306157989047	0.36666675904681756	0.4088354464575064	0.45493789621065184	0.4449063798019782	0.5168896000945995	0.5550216171764873	0.44732297142280597	0.5149424692325479	0.4324439373534045	0.3922387478394489

0.6159492137416049	0.49797994580206717	0.47897802857876237	0.5924911863348717	0.5258307770796857	0.543648361537779	0.46796703340838985	0.4376422527157816	0.8942740663455135	0.3334249116861923	0.5008977192049506	0.3892076721268948	0.5773512176943238	0.3322424430247344	0.6522023978742526	0.5258394579934011	0.4760194145147581	0.523259623567158	0.6015433848673107	0.5468346215747397	0.33848611552840724	0.4308602044748151	0.47437558496816323

0.4243842279324024	0.14812743807819584	0.48901153419973575	0.5240421879624406	0.30561226130461583	0.4226764203177803	0.45736790441796576	0.4409173914217105	0.34375569482126783	0.723191028913327	0.3492455870910575	0.30644328587612013	0.46567769016878124	0.29042186987242447	0.3232048312728355	0.4180021102649537	0.3225432647807491	0.38073497472692364	0.47758246269947724	0.35593682701298923	0.4568094437489885	0.364466942904156	0.3764331201422223

0.5596016650913818	0.4684272460263419	0.43160740763237215	0.421619583818022	0.416228037556301	0.41090834604079907	0.3898957908961769	0.3864755393842495	0.4689573938558561	0.28712006556492	0.6218885368506047	0.7198431833395484	0.42914688259428346	0.25167845616144785	0.5925857863450372	0.4309748732372932	0.2811174134532569	0.43306368385670013	0.5129099583128593	0.4769440009012344	0.3113035877977606	0.36852741763365127	0.3543751932497914

0.44449961252797654	0.2889802479318161	0.3806066139872396	0.4694960442061493	0.6336934286643269	0.3877677144289403	0.5018889268107234	0.4067305651606383	0.42255248118334104	0.33400497500632226	0.4948702007941399	0.39351671787439857	0.6726384627321401	0.7695258439460149	0.42121469260083344	0.5627991675262145	0.3820930779921293	0.4963724863174944	0.44626591943223043	0.4817511660779025	0.4110957762219149	0.4411054083170409	0.37989073470805657

0.3907396704137689	0.2542390678691506	0.42722571070314486	0.43743880557765125	0.32759848789011436	0.37055994669535064	0.403495533178858	0.41302072128334444	0.3601812681641804	0.3537921474336325	0.3582441803339476	0.365345782026988	0.43381421724572866	0.579288106448506	0.33555819583409163	0.3977831155824886	0.3801811688227225	0.46650774754085084	0.4240110288104238	0.45793954706675233	0.38655080233810485	0.37323608113456186	0.33529452194194265

0.7407340357345025	0.5557566028108731	0.41941564367369794	0.5456158904239536	0.5997345306091988	0.4768958377348722	0.5273267674492668	0.46727839578674524	0.6533110062858798	0.3635917151051531	0.5267051595725242	0.40714525802885476	0.6747555410330155	0.37056488904709994	0.947869202192103	0.6422009126985133	0.4086039117163657	0.5948711918302679	0.679841017365117	0.5107070093697048	0.44198612839340845	0.45626767600229207	0.41333043660624214

0.5755699152854326	0.22982213673009308	0.43516664743598577	0.5728063973759198	0.4434241309082213	0.4905465183914163	0.543794487399051	0.5105339680321751	0.5028794308045628	0.34256239154543927	0.6056934721125595	0.4397314660187326	0.7567994614261132	0.4310496698872158	0.5321991174800889	1.0	0.4356208933485934	0.6120693615395538	0.542223154536506	0.5155886194772823	0.3866759916716339	0.5043048930366546	0.4308775912461488

0.3724377242524631	0.2601723903470049	0.43447944818394607	0.48728035374039763	0.34580438116223766	0.3716381637263252	0.35328673565863555	0.39285036646931687	0.42155033162515543	0.3782724283696912	0.2789584450739583	0.35976663366730044	0.4541167880779307	0.38648728719308656	0.317712960942631	0.433601597848367	0.7089634454187073	0.4530813296445929	0.3921097678457674	0.38259943385295114	0.29656765221212916	0.3677585404098534	0.3309575369962056

0.5530372817152054	0.2823416304887612	0.475694832965725	0.6327745226234884	0.41130118878207284	0.5430409446805704	0.6183659797523111	0.505926447650361	0.5126708762235773	0.42093828260571176	0.5897210609220431	0.4442551075190896	0.6347206605811428	0.411249910949098	0.5622915391329872	0.6029137823052894	0.47720834177662375	0.9629223302258128	0.550057792965146	0.5776576324576784	0.43675604607264856	0.48714803576822063	0.504133676076439

0.7235641599140357	0.5402668539343795	0.6184997506613286	0.7010789224864689	0.5393012496044123	0.5790799212331171	0.5618948296865744	0.6021132981290598	0.6217476798422235	0.4578427987253296	0.6106471478577973	0.42177494360533013	0.5702298510735231	0.3914624534435862	0.6634043092004723	0.5326536848454745	0.4291563507475579	0.5696534770062438	0.8503333038243992	0.5510853640675082	0.5100678332081134	0.5318637860742585	0.5561321888817639

0.7214011285839552	0.5369868148546233	0.4449816536441228	0.5557222052454743	0.5182820146620432	0.47760861806870547	0.48872550814665117	0.4908287208409993	0.6002781026015696	0.36670391581508943	0.591427350398243	0.34599759139713876	0.5701686200402662	0.3812497447779545	0.7076209885981994	0.5203139113316655	0.3120598292015039	0.5225995232027745	0.7369407026746528	0.48847539461333783	0.38747325396454846	0.44286240432274215	0.44810597093579224

0.5991342064546179	0.7784123851766171	0.3564078928506616	0.39118733657793753	0.4352126742612387	0.3546083250691319	0.36683711059123986	0.39190331333231654	0.549165244897797	0.2744145161327529	0.5255748500131362	0.27475955451709666	0.4282711860001812	0.25941257007146434	0.5856729268517968	0.40837855289157987	0.28512441092725527	0.4135968387586373	0.5453969289048881	0.48717258370092975	0.2881535836638874	0.33526074041241616	0.3252116907348199

0.4593148821345897	0.19007927634720473	0.34739502129316346	0.48225059495912315	0.3328663145906795	0.36335597856393276	0.47649217544072675	0.6304207887879634	0.279149258132271	0.34945790659134324	0.39540215053362493	0.36607848600489334	0.42597075296723647	0.34269576890753173	0.3692717865658117	0.4186942953658134	0.30086656064580714	0.4560627097136956	0.5253993330160318	0.36541667683779844	0.5886264196772738	0.3889203609900596	0.30159724361016266

0.39494033423649405	0.21805239378603558	0.5252062873769364	0.5680248726141142	0.3553398117541641	0.46597324217251046	0.4056813403113947	0.46796647013878057	0.45209954236584116	0.33437602319069804	0.4286447162534448	0.3823649256589269	0.5489840259581585	0.3932033368200069	0.40805273557811894	0.4976037776490837	0.37030895959465976	0.5036545168192614	0.4995725173026038	0.5284188791964264	0.3474527778199963	0.9252809614583855	0.45721536252560335

0.480610611056593	0.24818627480835667	0.4190737518614321	0.49256626772114087	0.7207067072815215	0.40211779460678243	0.44729832060379504	0.46535155114861226	0.4244701044868457	0.34279937299832774	0.49282807331071066	0.403383106779308	0.6257138022641868	0.5835361225884395	0.41130897862006344	0.5448721773984566	0.3831842874040601	0.5351400694695155	0.451873773452276	0.50136497768765	0.4171039282528469	0.4488217603082724	0.4205065433072471

0.4723102695624586	0.24663396108715208	0.5601526275757611	0.6136838684230335	0.451888736869392	0.5124790236066195	0.4574450804868282	0.5421490484275802	0.46249408223510113	0.4022812339367231	0.3136601557946075	0.4736950466608737	0.5717141795941553	0.4161276375414137	0.3946613901326147	0.48040503551823593	0.4418016345777791	0.5351067716095941	0.5332143269297926	0.4856100030554696	0.4382152650445661	0.51569472055398	0.43816236926009333

0.4033512067530937	0.21560938947849267	0.46315842989819483	0.5422697323855884	0.26744188459565527	0.4484855632501499	0.46015426717228614	0.30370848187750554	0.40606242847229157	0.3235262848600142	0.45902938261476356	0.2926416947626597	0.42147178215644676	0.25895402595880357	0.38531866178901286	0.3923493141299283	0.318130830294832	0.45708752006271497	0.48686458517389686	0.514213360964955	0.330818729463383	0.4060704779372628	0.6049707689084294

0.7240659185177705	0.5787667127511652	0.386814986701608	0.49414296411323294	0.4906194077958468	0.40928489478341923	0.4544503549776269	0.39839465429316645	0.6171144304651541	0.33030711786089306	0.47469026654104574	0.27756173271347134	0.46337974786196867	0.24441475130226464	0.6825803971596978	0.4271028262718394	0.33250336958483073	0.4498241205359944	0.6756696952840898	0.4734799613927414	0.42888162563575716	0.3460600497340598	0.392780139630035

0.28196116844785846	0.1917832315273078	0.4572135320979656	0.4155532428462689	0.2596350755128467	0.3845801762299721	0.33396273037449636	0.33717928032496036	0.3101866459576865	0.31746152922093945	0.29106361945446435	0.31473696251988004	0.35158825422070045	0.25718772472655393	0.3098056213448319	0.3440135806072049	0.3494833277065795	0.3819567674467471	0.3969456846417234	0.4372490090920903	0.3187812748500277	0.3457145276055066	0.3360055283450705

0.33257063834856937	0.15847502948754005	0.3085701972507179	0.37471694491489627	0.25494005436114614	0.3008545892452632	0.35495617838784654	0.4181461352044761	0.32540852173990026	0.2576503779003062	0.40251311829059555	0.2816978089768072	0.43552668081401713	0.26195321330232474	0.3352883880769585	0.4184032580714403	0.3319710940836329	0.3753056721705452	0.32832671974424477	0.3736139779975905	0.3215408509773368	0.29393083278888166	0.2843564959394398

0.5900355236976084	0.45550909097130804	0.5280923663164407	0.6011928473397927	0.6476559248127738	0.4674776260656126	0.5168939449535067	0.4176059282929946	0.5470552263058599	0.4043386341846606	0.4146103182761713	0.3530239140397956	0.4685695970604384	0.4289697845066105	0.5565250591026839	0.43657818400908144	0.41364255765301855	0.5474673819295306	0.6204453028063204	0.4742076003945713	0.45185685092416317	0.43570824389959995	0.5159204476915122

0.32157349460189777	0.14540884494981693	0.4267298953946476	0.4764767223577153	0.2842340104601168	0.36117641886311647	0.32276123605695073	0.44572918193399336	0.3170842152565374	0.2760059191509751	0.29728452481182277	0.2998551377318149	0.43071737180656805	0.24151505244027466	0.2703017597788797	0.3780888407656293	0.3567960205546144	0.33674059077583346	0.41169988524442985	0.36186986424407386	0.35215115208284165	0.3345581752018162	0.3366337523407992

0.26400922612596556	0.1263372923731293	0.38031988890215473	0.32604109500246603	0.1976444599258519	0.33226347976883885	0.24523972135691804	0.4005779617543785	0.22822708415545273	0.25953339853728147	0.2613213520931752	0.20852534772744824	0.29251153429023846	0.17431117707356353	0.21647191433646829	0.2866303783550449	0.23696942679850613	0.25616754463250757	0.31429647835380414	0.33700028001355564	0.21400042641899902	0.2557296924382182	0.23854517745118026

