0.8218022999431468	0.7284127546455459	0.7247217964707229	0.6054673256738654	0.4645100990878701	0.5706709285247465	0.42322529172281154	0.5865381396736036	0.5924983968875386	0.47607014062648956

0.46965612161851045	0.5231677094597622	0.43455057351664583	0.5950179007108624	0.4658384965888306	0.6566506557717231	0.4415286175070579	0.6692187606309029	0.6703985665771021	0.4859666399571394

0.5299776727825607	0.5860093079942748	0.45823321665316785	0.47354597664541587	0.42122865516305896	0.43641004822707397	0.35087909550259144	0.45742233547325195	0.45861124864850283	0.42047624852414334

0.5733629912277871	0.645789226974431	0.5099312122122289	0.6472798391127832	0.4553090284805087	0.6669137850371478	0.4079910207094534	0.6387004803174748	0.6399515982675945	0.4617431338822556

0.7142323198739551	0.5666100598067333	0.6539709061938233	0.5986170463428477	0.5833066254958388	0.6418901732638965	0.4300864162433027	0.649819346592663	0.6664607264215864	0.5779281346661711

0.4814359779264259	0.47919131990510344	0.37774061025065464	0.6487122267772784	0.4663598212246369	0.6380098645962384	0.4022855563268576	0.6865960417461502	0.6568147800024309	0.4834634752388368

0.5983098202316756	0.717885266456852	0.5569123351521645	0.4203537830165963	0.44476122438054644	0.36317137090155327	0.3587945328108063	0.32837611233511566	0.36731430962873185	0.4501641960168628

0.6282143679586473	0.6895860371035277	0.570632709070519	0.5577349746425546	0.5199956004838924	0.6115338117921656	0.4517392321853528	0.6584644795309977	0.6407084764967741	0.53000097607823

