0.4928398903030248	0.31081883864880777	0.2830484483790451	0.28778263410855476	0.41260920974074666	0.22610282690755135	0.19210299012409568	0.5152213823446339	0.2971269174485407	0.2636067296884151	0.20069620139069855	0.2950114339960542	0.20628856930204253	0.30857184520578207	0.33066325816621245	0.32906593542561446	0.30226145036553187	0.3217332313219675	0.050884230712751916	0.12440035066597055	0.11485203980145173	0.11930008264331424	0.1855749024350608	0.1327740788715689	0.07068137171720419

0.6538764024947372	0.664944749470966	0.6263229620595261	0.6624608942810399	0.5046341344501273	0.5472447300654466	0.4139800379865609	0.5748414694896943	0.5961923925863065	0.5809307314360036	0.4528084829825349	0.5303491862473497	0.402049530970957	0.5252424481625582	0.5030964630314302	0.4884026929818652	0.4634127108945826	0.42454065053997564	0.2653585353333674	0.5367367498845415	0.5192847541919352	0.13860452490408934	0.4525548969158484	0.546083951146571	0.27478298159123576

0.7401534686588179	0.6422904710910953	0.680557149666978	0.6893063266326591	0.917007140574829	0.613907880339113	0.43979744162546974	0.7198534951060056	0.5150336380366289	0.5343034073218611	0.4214956743240291	0.4723332647134002	0.5542766482596959	0.5310816211473048	0.4698524484104145	0.5332610444851043	0.4571582509496712	0.575641476708941	0.2035342596192521	0.4169528298267351	0.39118556745658406	0.1837387823496191	0.36673908674781364	0.4195377067839293	0.2396085157915584

0.7521688217782623	0.8136302491317529	0.5431055623892617	0.5806443421866913	0.7329374036931523	0.5033733148641508	0.32877754912267443	0.699410467236977	0.4529997828884551	0.5944834629885575	0.379410429057211	0.4788670328406332	0.4848248726043724	0.5101148707340701	0.5293820849826911	0.6192297442849459	0.5109231956497792	0.552738213907642	0.14209724842192076	0.3633482896033377	0.3244855762882098	0.25475716020448186	0.36119244302449816	0.34895749772831935	0.17256171912671509

0.5482142540479804	0.5383694176426759	0.5401132582261359	0.5978984225270144	0.6160306941901714	0.6264261901846041	0.48469831161092103	0.5394908154933187	0.4448551211525093	0.5663914036272639	0.3708743271977192	0.5116404839834483	0.5172468704353694	0.5123773812588086	0.4353427690610844	0.41529445172130197	0.3670618838677504	0.4358945718684609	0.1907026281329227	0.46169284479527173	0.43922440916802646	0.16301099549288722	0.4053057853879891	0.47049142173511016	0.22672985618272978

0.5071892287830552	0.5197366899595608	0.5940721165036882	0.603440757884514	0.48022740258492713	0.5181010006073677	0.3774813336810903	0.514695490859268	0.6433005919246162	0.5352054880571275	0.4160326269745195	0.5733702809595129	0.5629705889738793	0.5488464555031904	0.5633636564834938	0.46743257038940367	0.45399957486779763	0.39037152267539976	0.2351467599245923	0.4427146456714258	0.4240766863014216	0.1624510825162636	0.38778877924366784	0.4545806441461893	0.2975145875943

0.4900482671189904	0.5249284277635132	0.5928686865251581	0.6119859309313528	0.5463324254972183	0.5248491292444563	0.4182839303746467	0.4428127368956566	0.514070286983155	0.48950198581717524	0.36411252675363487	0.4594301743178176	0.5273445684296066	0.5250971109242317	0.4475419240545578	0.37411778955816727	0.34481638768009226	0.376844151461193	0.22806901445574684	0.45400232095874804	0.427665222640911	0.16498280530080206	0.36603954959402696	0.4555678551730319	0.28226226034615953

0.40692727934944817	0.4126230813011697	0.487176690277519	0.3960895486252361	0.48053939190975725	0.43750726104577975	0.3542036996700441	0.5239411481029542	0.4281005536427849	0.4654404219514665	0.37361336884078744	0.43788660239523985	0.45801224184127215	0.46942195471592196	0.4118368091156165	0.33460662353241877	0.3516420460720912	0.3737950383929068	0.09682957855939187	0.18295770979880424	0.1712063529611944	0.15017944449211656	0.21081543091522653	0.19224066889922867	0.13049524147125857

0.7072801878393983	0.5795544488411266	0.525678708390949	0.5200717561442431	0.6666604095356221	0.46834383691344356	0.3387900596562011	0.705775892338312	0.49198734845966774	0.4522517514828909	0.3616271443471345	0.4843090605775794	0.4979449455690128	0.5083892512848995	0.4332552714711415	0.5196421313567195	0.45199752666832943	0.5055594964971144	0.13680634742012573	0.326061869742787	0.307456038215755	0.21314769981212334	0.3207725055545213	0.3307073716399134	0.17687703355368267

0.32821391139212824	0.39301002087077874	0.37658390288240606	0.35454975722686144	0.4866061573925542	0.4594516222743098	0.34268611795831394	0.41128665095505257	0.4058416385665937	0.3833393950508675	0.2788475842709053	0.34517828702699394	0.36240977403349406	0.43835160080076674	0.483747661692835	0.3332584817030739	0.3056068453139976	0.2956760793443685	0.07456269434142518	0.17904885492031858	0.1674355516957968	0.1032271765254976	0.16954022786063405	0.19234961035033707	0.10162808889649125

0.46317610404034715	0.4129251976175143	0.4740682945850894	0.46814407885996145	0.501279946521169	0.5272040307000171	0.8587946779318452	0.4464173193025294	0.40489924940114597	0.42388285950347454	0.3068331269078298	0.42336975300558716	0.3960435548770048	0.3808899332358066	0.32353946334026845	0.2949887921029276	0.26671983941542643	0.30566045181998885	0.12151815789314226	0.3895654148427406	0.36624257155695483	0.11462681517323445	0.27544382723657335	0.3914265658287344	0.14157648092038333

0.7060487045604984	0.454444325831621	0.44349604245679486	0.49895642713769417	0.5852294942851112	0.41617304925114695	0.23580870133631993	0.644647385755906	0.4719375927931618	0.4425270986097959	0.3002039388910993	0.39639047141259015	0.40949052047291024	0.4154005810431387	0.46681952431524654	0.4715345562965684	0.4557208296945513	0.47658904453612516	0.13159466957427518	0.3391625553211087	0.3107045350226347	0.204348603635022	0.3299155468466985	0.33574502509049586	0.15577375578832175

0.4182213134791649	0.4522214079613158	0.43243209263728305	0.48182943638664916	0.49811153811478215	0.512661101567361	0.3741530408834155	0.3840724282977191	0.33976398167153665	0.42866227220258124	0.2528352089130811	0.4407390814090618	0.3903978901117472	0.37411565961207505	0.3630271668752261	0.3257642682017855	0.26340600735525566	0.3156543803653947	0.1156235549091557	0.38175997207840723	0.35788236885639174	0.11494333966634565	0.2682422992419232	0.38211942909984525	0.1335792880588092

0.8338514195374183	0.522176096105083	0.8530391278306081	0.7392971815095419	0.7653648236924401	0.5563618646012376	0.36709530991155004	0.7623768712112242	0.5324942542332012	0.5598457485653754	0.4501113298268322	0.47457306628952034	0.4582541863667768	0.5164988394033054	0.45603299631611244	0.5475441021108386	0.5184078538676626	0.5785704285108135	0.21161548859586693	0.4510607121520098	0.4247603705112824	0.1896294302582865	0.400077400650679	0.4458399349611618	0.23709733231240127

0.4914241243284091	0.48216837995162587	0.5143782235976628	0.5338827608494041	0.5443349958064234	0.5145884070589725	0.3540817887250724	0.5149579523007898	0.5097004916516874	0.5020824748513334	0.3802083428161202	0.4518604567513529	0.41411512983579246	0.5242309987880149	0.5831017234771827	0.45369179278456107	0.41252223658400683	0.415316745212273	0.1303431414220635	0.337911027168897	0.309453006870423	0.11872765262302655	0.2799672542393819	0.33616187183104396	0.15168726241615738

0.5614776637143308	0.5479631067702871	0.5484270351655203	0.5195641866207432	0.6526892402077662	0.5650803779421356	0.41422884126841736	0.5285509071108878	0.592516135647609	0.5550131617452495	0.38639838634921475	0.5775739497898512	0.5452648112231169	0.5309543199947641	0.5756335648794635	0.47201278511806094	0.42554019734019244	0.4445825950323883	0.21499057071406275	0.41823620197596506	0.3998927341196248	0.20258832302640467	0.42789858656656127	0.4325342752483291	0.2423789683406162

0.7712588828627644	0.5300201292585756	0.5036180480063225	0.5367584522904972	0.6591952933017573	0.4654254899656711	0.33640508809686553	0.7472336146666496	0.5574090617672376	0.5090538206156588	0.38290156534862385	0.5301025083974997	0.48444448247754135	0.55274353606359	0.4736852583921093	0.5426740952437814	0.5159066922036094	0.5575301193017766	0.19823628212173278	0.40253046848965385	0.3825091342947243	0.21228313584187952	0.45764120657312024	0.4122942366487956	0.23614539848559066

0.44287697361877165	0.4421872030504818	0.4576106443105389	0.5005409350006488	0.4983585971846416	0.4063257984931994	0.3638535488167218	0.490946992903224	0.5292091050315801	0.45222334596517266	0.2705120801969002	0.49890089754806977	0.744814190748577	0.600206385187689	0.4466694779803707	0.376349597318328	0.32492556274073386	0.37578402363209273	0.1707026616339294	0.27474347066756466	0.2610101568179762	0.16757405502476927	0.27551806485861347	0.2995263175567724	0.2883313655865857

0.6302624636009936	0.39933791068866575	0.3811959554746162	0.4353166587346184	0.5493192820100197	0.3899891809653807	0.19462387725252978	0.5706059892779792	0.35844553329267803	0.3610924410344404	0.25763989101079227	0.3305273084921623	0.32227513040187655	0.3556616408282324	0.36316351738783875	0.4097362958816182	0.35964536026250427	0.4322215220629122	0.0986892495893485	0.30625713533618204	0.277799115037708	0.17108278700317658	0.2838138162754847	0.29729623187331744	0.10989520121615426

0.6609470931527441	0.4622759802397721	0.5013940618976965	0.5107439440963257	0.5930219384794073	0.41362498637506306	0.31738241286116675	0.6682465944251366	0.5984419640901225	0.4594620640633979	0.3464460957452843	0.4425542250055138	0.4193652856801571	0.4890839048174229	0.6020118232665485	0.4569691633021839	0.4263146103666868	0.4658083257043295	0.1257955650054581	0.3333634507522916	0.30490543045381757	0.17387214517134686	0.3086520510512346	0.3313605065585553	0.1565580426405665

0.438413123461623	0.4482921633795255	0.5004536154245125	0.5309005906792188	0.5347216110438391	0.46615541972530905	0.318851720882263	0.39996195598060125	0.39531925627615594	0.439549064220159	0.26791054058345604	0.4189081398494878	0.42140232659460075	0.5888040144303994	0.4968810037810326	0.3778242115029842	0.2776906553584649	0.3214273392234707	0.13147452936468634	0.3865594372730444	0.36701870604843617	0.14119883619305174	0.29127091874773037	0.39137910539817444	0.15255698857634742

0.6964206243851574	0.5242809520226122	0.5198841230182247	0.5349172378103175	0.6607361516679802	0.4981224793291803	0.33422257333088684	0.6633244393544669	0.5475422026612546	0.46990378445395736	0.3767113343555812	0.5153576926466283	0.47543326559341215	0.4904419691529683	0.5263160999262584	0.4674333942712673	0.3561099906969907	0.4991407972340818	0.17041229956630605	0.444043872129326	0.3988144311177026	0.16969411346969113	0.3373170930428641	0.4235884756937699	0.1877169882718659

0.35110444016594966	0.4409483360356182	0.3861113679169236	0.3352501802106139	0.4395751966807896	0.4028318214933531	0.32228968089510185	0.37018287417737283	0.5547981319815575	0.32667215608166733	0.28534054509422957	0.4007659713614401	0.5084806729988772	0.4436966394725627	0.4294479677759302	0.3851134224662215	0.33852149558798117	0.31356482643917605	0.1335846285671778	0.2320594770691416	0.21887504068544422	0.12532088187029733	0.2191496632688792	0.24935633702662502	0.20995557615181165

0.48588086564110355	0.39856252570587863	0.41326781490847164	0.39681480548691095	0.46176068661122704	0.37274698561471664	0.28153817296935435	0.46834955090741726	0.461121914273333	0.3611242952254835	0.2736737714104078	0.37152491605538307	0.4568470961679044	0.43417553917345525	0.4332463681261869	0.3086767726416247	0.3135104111346404	0.3335127498390349	0.1070231881593218	0.2327919876610808	0.21736078078127696	0.16526426845177336	0.2298273909016701	0.2531951916012938	0.14412253225147964

0.6914219825839772	0.5409908476528089	0.46740797070308754	0.4784970679224697	0.65318408752866	0.49313452240401	0.32567995365883984	0.6483818583956478	0.5570751451963993	0.44901768712273893	0.362782236645999	0.45104717119337095	0.5465212349662626	0.5212081898799099	0.5747634428172996	0.5131764852227247	0.4642748897213729	0.508280282735461	0.15169827183697662	0.2769875846662851	0.26135737313189056	0.23238596692849267	0.30636092782415103	0.3030069826271765	0.21544436786531718

0.6645410389319296	0.4557848082749163	0.44956243361824133	0.4902947143999269	0.5973397525267854	0.4466313697794674	0.29033652329867177	0.6349486377989098	0.38453636784434353	0.41739689116243994	0.2986428969326546	0.3718038763746975	0.3645542613271409	0.41858359808792245	0.32535562297052684	0.4170521911900329	0.37875934508167286	0.4670606735146785	0.11999066887023846	0.3838265040155866	0.3592809898834057	0.16300448553540658	0.29699669428799713	0.3827778654611848	0.14281701080909942

0.7124156423519831	0.45171725094368137	0.4849645374478882	0.5354367866884053	0.5936711332364926	0.43299886476438565	0.34674127186987314	0.7527116636629484	0.45607989137362925	0.4814822033793025	0.36182956901194263	0.5012721199024692	0.33724723175260096	0.5228925745441295	0.6402196147951289	0.5251832539721213	0.5058618610514688	0.4954956300788741	0.12949026198244537	0.3405947853020778	0.30860012743080484	0.21802698589447278	0.3345668442352797	0.3280447526638777	0.15065053972880482

0.6809178763271319	0.4243416026897574	0.478970626981687	0.481480720757685	0.5739612450578583	0.3987114066629199	0.36134449311616484	0.684783646828382	0.5619966700471035	0.5540723906772739	0.34624072977438636	0.44830421167612916	0.4339673143344227	0.4504093692610567	0.522565538491386	0.3786186935482573	0.42510663637748325	0.4720568683043884	0.10582770403658423	0.31390932210385486	0.28644269440467784	0.18022622220032242	0.27884945022199015	0.3109516359273899	0.1321678933680943

0.7069461646108677	0.49702630014136806	0.5440731506689229	0.5241699261079794	0.6266524605972373	0.46780547362081826	0.38551097239792187	0.6552211120401366	0.6409229138947572	0.5220096361832782	0.38331793189644436	0.5252246121642488	0.6201538294703322	0.5575222540007132	0.5355210834096082	0.4715050834488099	0.4428754029181719	0.5127152140384311	0.2047365910814748	0.4003811973744405	0.37868107880381685	0.18788138418991662	0.3901886779206407	0.41707470203475266	0.24742883442976008

0.44005788565772386	0.4889600913754531	0.46154349461773625	0.41776227846845637	0.4856655750277752	0.43622745092232174	0.35185026487498394	0.5379022792119144	0.5561519577577969	0.4007708766259606	0.3327733833549469	0.4037887933633535	0.4973552293009597	0.5045194198829347	0.40469137872137023	0.36226849645640913	0.3496003008615261	0.3678215349018518	0.1005341541201327	0.19016362324385272	0.1792637653062248	0.22972099631916235	0.21938445225374986	0.2062556345677372	0.13532941479328944

0.713572452131489	0.49739593334120735	0.5505689715928778	0.5455874765036247	0.6606183529118018	0.5168662090025609	0.3456977840922751	0.6619925455914295	0.5550530763750875	0.5042571519582556	0.39178876077338676	0.5117894763746362	0.5216329524848213	0.5022878430861142	0.4418116699154254	0.42151203378706936	0.3460144921859014	0.540404430351667	0.15298562303042956	0.4178802533893419	0.3940154220376806	0.17826468494524694	0.30723100664187114	0.42410696824833993	0.19987329021534272

0.6521678710944652	0.4894873902694049	0.46039489796987443	0.4944837128591708	0.5648267660933484	0.42727772411163695	0.3135391460552213	0.6058815716828281	0.48301931997392	0.42938624496845373	0.2991540456473457	0.4528602753972353	0.46414876731480026	0.442806335507711	0.46480566227028774	0.4597532446930448	0.4265272776324238	0.4565279027172168	0.12836499729611603	0.3369082754115673	0.30845025511309326	0.167888608927867	0.28887008900175676	0.33147909595322034	0.16738942468029264

0.4830052853850444	0.4393610196072976	0.4406518967102549	0.48494106286001376	0.4256332737868046	0.38008866678999126	0.26810266036418434	0.4244612789188853	0.4082090724485835	0.425467469485158	0.2528612821166758	0.4410961823588647	0.412859995883781	0.42159691843394964	0.38186811171807333	0.3362435631691555	0.2587769240083158	0.3261769096911412	0.12092968988084324	0.3507043363854254	0.31994065149013157	0.13067530836295033	0.27658604021744154	0.3498898695090543	0.14897287413771737

0.39378933386264015	0.5492382456794753	0.46782060072268067	0.4064573684173459	0.4925594436079239	0.4307037997191353	0.3805940792991185	0.38284281998189407	0.5045738912983512	0.41714301507979107	0.3075228511567709	0.453844563985221	0.5765010262878753	0.5116037569604244	0.5066987379175226	0.4329747114049716	0.3208033760348385	0.352351209177166	0.11802197786198355	0.22206278689561887	0.20832947304603036	0.1345682515044432	0.19739780888012193	0.23814705588469753	0.1964221377641499

0.36993709535777297	0.383996533377106	0.30833940735781595	0.3390096419757321	0.3865472740279118	0.32169622141780985	0.24121474122151032	0.4139333666870799	0.3720808721171557	0.31852471146602934	0.2487438483568035	0.3959296186486849	0.3176438997201974	0.41079230832973773	0.4116462990630493	0.333198282898718	0.2701189633486266	0.27640535407390965	0.05827710189954034	0.14723476721961187	0.1350384728059801	0.14798610555808522	0.16995544054471798	0.1543521434848682	0.07817641469919939

0.3985819189656665	0.4126372730339378	0.35420044734615064	0.3476560360030542	0.4347924758031423	0.3544931604413584	0.24381972608712488	0.44062253309388194	0.4338403495835996	0.3377550620939887	0.2609828453541606	0.42135509647573877	0.4329851937101897	0.5320449298812691	0.3813158405063497	0.33620885356373864	0.25253438703341863	0.3120676249390177	0.08918335123451833	0.18265784810570473	0.1749338649749806	0.15983356450972963	0.2223877052359465	0.19946048354478432	0.1441124617619975

0.4319128111342916	0.45972204500166874	0.469268886409999	0.4730123070657807	0.46984126081516064	0.39818605260173845	0.2837747951555525	0.4299595089578916	0.5793172078816877	0.4289271123811925	0.2917112550643503	0.3871865157656348	0.46178757407609705	0.5508167639797372	0.46531441608987456	0.35592306523051365	0.3292525035242671	0.33466233529984396	0.14087562616513866	0.3484435119119722	0.3199854916134981	0.1335652453973702	0.3118025049683567	0.34880863374291726	0.17660294330973159

0.6741224697555677	0.48375973285248125	0.48903553094571706	0.4978725914418519	0.6322006284281854	0.4660324324906287	0.3135097916439522	0.6041983232771211	0.4913052846776058	0.43025779866637837	0.33630508291442585	0.3911751737219342	0.4393197467062223	0.4772584864610992	0.46197063265743465	0.4518337457155096	0.3865959451153945	0.49002062046936584	0.14907423964620836	0.39315280273661535	0.36413248988701225	0.1765325108003717	0.30217415907229767	0.3947881343653348	0.18051026598680037

0.6906599008097372	0.4969134256206841	0.6258305225394563	0.6276755128240503	0.6734116876865279	0.47417498106088907	0.3200167120047423	0.6526172322180168	0.5376837537195738	0.47260174893553036	0.3827897516440961	0.4412857424788171	0.6446910994446737	0.5290409776083297	0.4706619116789374	0.43738955275646774	0.4148799563497616	0.47313064577949204	0.17644972100440057	0.4166810416037765	0.36430438289756245	0.17777455653454916	0.35012339539190057	0.38964698096214634	0.2247460405198215

0.6624608238940729	0.45524290632238873	0.5734843801411781	0.613087373659909	0.6302792516139037	0.44439865938604073	0.26234077588226523	0.6012285456834414	0.4490036434201998	0.4340975941588013	0.3259231695049466	0.399511346145791	0.3769200139468795	0.41816824157614685	0.40831634825256663	0.4148450023882353	0.33081124882952107	0.4403386010925989	0.14940455367083041	0.36187717376864054	0.3356828770167711	0.1491423792782277	0.3130645365921778	0.35944707311797947	0.16685407691067777

0.5584745378027732	0.4793850246162608	0.5314448838581227	0.5245797385495312	0.5189406387666757	0.45338005061545705	0.336541552308868	0.562940655972368	0.6045672620236002	0.5965106070588264	0.40904677974778775	0.4554037249286951	0.49394098839327216	0.5022930596623107	0.6305487520985497	0.42355085479224885	0.4136652725004498	0.400215221056927	0.08768872701290353	0.24409242877698126	0.22415338640212978	0.21196265422437943	0.23492296737375518	0.26338804963238677	0.10324436401457994

0.47026605449883363	0.4788124168904342	0.5227259386178246	0.5115436959105439	0.5133420774976888	0.4995123682506313	0.355306697448488	0.448554039247699	0.5469027119944416	0.4701900364761544	0.35338608315483794	0.4911671228646226	0.5255461532891654	0.5267539585155215	0.4784798870134127	0.45392166546330853	0.33775095585668	0.376447070581187	0.16328722988268962	0.4074286056072126	0.3785273061696187	0.13648883108120533	0.3190877672292295	0.4087671612095103	0.2091623880143464

0.7303022423337179	0.5376787978048235	0.5587037992590721	0.5506301845860078	0.6523214284955916	0.5089485344022632	0.41134344913981974	0.6997136251026115	0.5829213549602974	0.5338389437416444	0.414403132169693	0.5217302199374907	0.4712669317688092	0.5243681116120115	0.5673048622164112	0.5506498109592561	0.5043399720164099	0.5169447310893476	0.2140180135378249	0.4457566796965319	0.41302897514711323	0.21063777634928454	0.40394808832146956	0.4392254731626304	0.2534251562965873

0.5305255722219386	0.46781594713312674	0.513429034409676	0.4868098398375164	0.5088159673874921	0.4399358576494545	0.3855714032305001	0.463342155778491	0.5238212039695387	0.5840666509962996	0.3515048830720942	0.5109415959851007	0.5108223318445398	0.557401887802693	0.5800613409114198	0.4961111198922453	0.4766981459571545	0.3896259604881721	0.17531926413785515	0.3852015765300059	0.3636798910467447	0.2032822772395766	0.393946289700646	0.39555022466326445	0.2067247677288965

0.6857152712430716	0.4781626467099599	0.5307084412301402	0.5548845557553845	0.6186369502085274	0.479304754667924	0.3576877245204656	0.652487183761903	0.47692975844082247	0.4894783279650966	0.3552348920338629	0.4215562674117278	0.45293985470252385	0.48997230004583925	0.3919719787150339	0.4175497693910912	0.39362006445327213	0.47058015478182147	0.1539826599501871	0.42298517705916816	0.39718154669914274	0.1734672842594988	0.3428444029576069	0.42263728284932767	0.18558945663142576

0.6737827096941731	0.5186796185236706	0.6414729592081624	0.6514347563321805	0.6613434369251268	0.5424988230650264	0.37039738218284124	0.6234402790847695	0.5552804414806245	0.5003678557079296	0.3797385040511298	0.5257518852919258	0.5580788183881449	0.5534023903638889	0.5291191436486478	0.4272096497294835	0.3902567826904782	0.4666299894187226	0.1732786257084004	0.38295234517497106	0.35857643680766477	0.21822417865273758	0.3701944579416303	0.38857520459260936	0.229975424368427

0.4421390290180206	0.5005330213018774	0.5233311269728264	0.4359319577878429	0.5081630678291668	0.4336304845716392	0.3847080684618157	0.49837849323921823	0.5134155820931827	0.4446265517622454	0.36514633711226985	0.4548981366589942	0.5683350643678892	0.5933923679146562	0.5245219917373323	0.42673935598700874	0.3506547526419673	0.38228267342830213	0.14931019961707145	0.2595843795468994	0.24984151230848325	0.17569062944728195	0.2713314036184874	0.286520253715108	0.23909642900640632

0.3901760724313277	0.39787572989757747	0.4163947268053406	0.45264754169905014	0.40568298419679283	0.36825466302334353	0.23239511879979746	0.3602311144764099	0.32880509714274886	0.4021944572958087	0.2839038916920489	0.35947495518963035	0.42765284790024705	0.36582975529626915	0.4169522964284473	0.30140198996988743	0.2726118577361579	0.3199644339937462	0.15665663994808338	0.3542127289589646	0.3388653376492231	0.17043150615832628	0.3670440227124315	0.3643980757763165	0.15966262832089992

0.4228941747792575	0.44646559684387105	0.513472311382015	0.4856803555618907	0.4790638221941841	0.4100284720116302	0.3353004725105869	0.3740669389602077	0.4237319067400991	0.4518946525786523	0.30457604204162253	0.4131839301333524	0.5139001485931601	0.446588908785434	0.43763816533177796	0.3396852469023246	0.3628057749426232	0.3256526505321282	0.13184945766273198	0.34085381539956344	0.31767660773556694	0.15633166260785983	0.2995762623095032	0.3437932986649462	0.17320369560260096

0.6991223320319495	0.47521740475296437	0.45791961388605473	0.4807586874792775	0.507153969343153	0.44222213451424564	0.26980061944159545	0.6514254687780907	0.4646519368505134	0.44738835175221925	0.37218541367232144	0.40323785440958254	0.2965661749803983	0.4053993515155406	0.39081419437516607	0.4454949975513584	0.4000775402748088	0.4126708081743042	0.14688243252032201	0.42339201849157687	0.3890115376990861	0.15350522299257888	0.3497093820444962	0.41047033843038594	0.15985841009933743

0.6464137392037872	0.46329101204954826	0.44897448898786185	0.44503511997951783	0.5859347960704946	0.4302822919766897	0.31205714253911376	0.6171169992773695	0.4623469392320444	0.43124132053967895	0.31204249006243295	0.40246788681220536	0.5097100977898392	0.468572150957107	0.4921071425626796	0.40707766997338074	0.39011029070552744	0.4436146135220016	0.13381929375919185	0.40046174131171863	0.355085213947747	0.17081153892129647	0.31122023041468316	0.3843724409973169	0.1575923127667601

0.6688489901941069	0.47289421112584773	0.4191336839658406	0.6182314189115211	0.6140530843241763	0.4126950122150331	0.2881189284612486	0.6314276555200182	0.45164855505174895	0.3922646733650442	0.31638805585865104	0.4051132956947313	0.5705429651851504	0.5018233387344656	0.391524199923588	0.46940118447915147	0.42367024800899156	0.5071179413392709	0.12162675581060574	0.22010160431256953	0.20691716792887216	0.17530131284923436	0.24595186945225578	0.2347491809371021	0.19170556432854735

0.6751044557783538	0.42341831354837167	0.46564801032175723	0.5050773687233661	0.6329261360121481	0.3926724967685299	0.34986117729375316	0.6180713858115352	0.4348408372611882	0.4282329229117181	0.3099514511686273	0.37410836018354254	0.4592833181946163	0.4744184649615546	0.36269441227314936	0.4674796866525924	0.4604287736513591	0.5119529150433898	0.11871696812804194	0.3262848538748755	0.29782683357640144	0.18802617117644446	0.29959350022684067	0.3216156806987977	0.1526181411289551

0.5883222916569937	0.4745551396553541	0.538043055555712	0.5437533580517973	0.5032036293111732	0.40943381701502285	0.3791258477104483	0.5409278733602416	0.49906110062415204	0.5214522595071724	0.37623110411316896	0.5501847949584977	0.5162721987663568	0.6009630084476525	0.5083567786534795	0.4178408503937392	0.4235702111044968	0.41861005155939246	0.19498754883294878	0.40986116588857124	0.39038062741310586	0.2136782935941162	0.44212951231051495	0.4230213358806925	0.23179194609847018

0.6558038695270216	0.4487337124345764	0.39849127085832897	0.4088487639413144	0.594223017065902	0.38652187492822765	0.28407529514042074	0.6492206124351765	0.44211825108438907	0.378839789409546	0.2830819947717975	0.42574198355982495	0.48427545289499785	0.48077820577552843	0.41771223613556596	0.4997575091331101	0.44981879179099227	0.4774866877683666	0.09521572455505653	0.21114585983881035	0.19741254598922187	0.23461595020513518	0.28012213189241125	0.22315018801207587	0.15298323519731954

0.4638852580523143	0.436071635760223	0.4627335036311865	0.47561711296817777	0.41218514262087874	0.3896008662257542	0.31153144567304725	0.38691559664352254	0.4299297809177005	0.41790532864977115	0.26121115866864686	0.41557421891671276	0.45784373433526904	0.4683255138982649	0.5021026027980506	0.40018031264735354	0.33847694120798744	0.30493845365249106	0.15425575584424683	0.3618236415910804	0.33336562129260633	0.14673516840875328	0.3300778136017527	0.35917292124363503	0.20036611403637145

0.7119301266471199	0.4559051240651861	0.5138245233484612	0.5514091428911221	0.6154315280726463	0.4150310161668484	0.284482203358257	0.6336737847071736	0.40125990249318766	0.44486571386763507	0.29916968938296157	0.36673324629464665	0.40828883847224606	0.4094291082135612	0.4468017972376059	0.44680953977158244	0.4375955646208398	0.46791496718871645	0.1391251582408394	0.3518932423889314	0.3273885936600962	0.191566030302311	0.33027399351402004	0.34773557385274195	0.16556447911193428

0.2720639257834599	0.2977288231549828	0.2970035948225235	0.2668089159088116	0.29455287926861135	0.28684193007387004	0.21142578713738272	0.27910576443603424	0.3524854690013105	0.2788832008522456	0.1946976612236713	0.2947382776228879	0.3669959006251688	0.3685884032657275	0.38688111318444857	0.2542246116327062	0.2120349397526773	0.1872663647109058	0.058313334131904315	0.15678818263386812	0.14360374625017072	0.10351276792709072	0.14625570318501183	0.16849720415226058	0.09958501621205659

0.6319614403049046	0.44763826225974324	0.5134492614277237	0.5602045163371754	0.5835463748539057	0.4342910506005945	0.2928401364144304	0.5856914864651643	0.45935141360265097	0.4432137662221343	0.3106188265487817	0.4309919971776335	0.4181974208589979	0.42293364294447355	0.4574982906208982	0.40139960339295455	0.3666465841371869	0.4164188755340865	0.1286272076455118	0.38484061114119605	0.360616551668244	0.13481072270509922	0.28967260638738074	0.38601668363581765	0.15142823848361817

0.6841383640753287	0.5302640718478451	0.5197054498447587	0.5674690854631523	0.6629958753519565	0.4736357012767819	0.40331996033739337	0.7011163464868848	0.5078309232039953	0.5102262806845725	0.346642705194675	0.5393958193371671	0.6695183713217154	0.6659250599763848	0.5608783402481767	0.5282028463495003	0.49275961799821577	0.515626548626409	0.1296107061755683	0.26833178488708204	0.25002069975429736	0.21991345236572626	0.31293212373429447	0.3590903333683791	0.18831211831771666

0.6414578908774196	0.43261847750419125	0.35852573349027667	0.33486331607994124	0.6323319458317784	0.35777639478003126	0.27330337600255983	0.6588151265584978	0.39521897967051145	0.355352086611183	0.3158039555936026	0.3918278579941681	0.37325099883765056	0.44526921856872215	0.4012306531974461	0.3972663759331898	0.32565990026758485	0.5152632834348387	0.09045132757921667	0.18392582445040306	0.17125277063862696	0.18278173633072997	0.18254932566789672	0.19558006547740112	0.11908763541565476

0.48890651835334764	0.4773509743713794	0.47379522124879336	0.4896154328482197	0.5755869727509674	0.4994260749334424	0.3710431563925326	0.4553176566608905	0.3994536152827702	0.4766841455200632	0.2661695329985421	0.4152837903707436	0.49981105034846474	0.5126667440705059	0.485752210005507	0.3717461499353758	0.323731404911729	0.38869943098684706	0.1526075083654221	0.3606891264326927	0.3332224987335157	0.14086367107514858	0.31844829464794855	0.36273943984186363	0.1928367947028229

0.39523824179404915	0.352912856969515	0.41614694930072116	0.4918777258784883	0.36710078051602235	0.3570445734734181	0.21910877298552414	0.3654332533106036	0.38606178872588554	0.3959882470768098	0.26545973901933384	0.3713449773801925	0.5238303639526174	0.5359069692190833	0.3776810167787127	0.3154142398154631	0.24469466556581315	0.2697438757297609	0.1181528063670205	0.325720692113854	0.29726267181537996	0.10860221842460968	0.28832171759908176	0.32000990422704484	0.1466847240276457

0.513918008092564	0.4743837592952782	0.5123956041172042	0.5165214508747794	0.5193922231865369	0.4503662079169941	0.3561802426198376	0.48456519489305394	0.5036739123684602	0.5156148265867514	0.3328056907818626	0.47997381157462193	0.46080304326500754	0.679117660078755	0.4939017086987211	0.37644735223076675	0.3368938624238652	0.39753992790681136	0.17009823268693028	0.3766954823939775	0.35437108485992175	0.15767898473857217	0.38363000256793406	0.41154382872303097	0.2047865820399693

0.6836625990034829	0.5055789774397352	0.5998895314103113	0.7130684377630913	0.6631058187078112	0.4513236848413229	0.35738568645051355	0.6807943421732316	0.48124285514936216	0.5413351978407641	0.3651705308203504	0.48609707578450734	0.4267581727033176	0.7199257651765938	0.5051861042997321	0.41740180870584553	0.3798788437727898	0.4710548968602252	0.14093242576377168	0.35285420999786116	0.32625089421819314	0.21952933998872193	0.37284782529675226	0.3505610656247345	0.16391921418077143

0.6196612693082242	0.404678985503694	0.4365768617298128	0.4774245105990109	0.5601890793440555	0.38748356002649265	0.24687428064380135	0.6023840236127913	0.4118886554700264	0.40799102242713825	0.295813912333514	0.3544701198001734	0.5504474821820166	0.45986331314166806	0.40023714684364786	0.3370048098774375	0.2846586574546992	0.4193921128455444	0.10670029941112627	0.3142681851579598	0.28581016485948574	0.1538101330856628	0.2938273907993675	0.3096770858414057	0.13294037481882665

0.75241656071746	0.5247076169128833	0.5096896830464488	0.5836168365994648	0.7114862259949726	0.4671630002866407	0.30229474191625616	0.7845474913838075	0.43932606686628356	0.5058380267527003	0.3741931405199784	0.3861561973545119	0.403310403795606	0.665636421508436	0.4125850556784112	0.5091198094714714	0.4750060705879229	0.5552172674671931	0.1280208113366728	0.35621022093531873	0.2990500995883201	0.24669576264790327	0.3577294389512544	0.32034573599060545	0.15475160351756978

0.4804386160801244	0.5076376055241332	0.6209320767767101	0.5841589405206805	0.5193506935443157	0.527312475725343	0.39295799210783317	0.5469462966602496	0.5670457956845344	0.5487593849860539	0.40719489869674563	0.4457277959907017	0.4807492841079474	0.48960177009199674	0.5005464554020365	0.3834071170412644	0.3817488001303725	0.3709652009292646	0.13204945605828258	0.400788060827666	0.376754040414181	0.1568676464950395	0.30191934727796343	0.40127087706142306	0.1451492952667113

0.6162474612346592	0.39282041850061145	0.5105533000207825	0.47133278432597514	0.5177186587335472	0.4076691556949681	0.2408034351251344	0.5656750685183646	0.4168923133810074	0.4182038217764008	0.3112530079207563	0.3942690809654791	0.492091182765219	0.40929843612481953	0.35654466131463536	0.3558896354497439	0.2982624297668849	0.38949963065248505	0.12267698115811868	0.3868286618174427	0.36252480606743004	0.13009980831834767	0.2742040509921051	0.3874110676649496	0.15146234206753467

0.4814379812053956	0.4681432337688561	0.5514704401779736	0.5382860500450221	0.47019242180872944	0.4625204070251978	0.3437452855527283	0.5196780453900054	0.4961704271783619	0.5400327426340897	0.43052313293879674	0.8570983139591812	0.491210551401455	0.5171580210260479	0.4758900861881104	0.4355536088348909	0.3900965609502357	0.3419609682818257	0.1598766977158012	0.3698384139030922	0.34074780674651217	0.17039631979224676	0.34340978521260856	0.364501018799479	0.19048568971486735

0.73174951081088	0.5212348693078072	0.4351609601566691	0.4780738132496094	0.7138560987403432	0.4367527475903963	0.3110145985599183	0.7120366799614974	0.4629125579337571	0.4496826330098887	0.3066089490495098	0.4341545800915001	0.5281668165156757	0.5163653785598582	0.48023183794180935	0.5465792667126637	0.5392511673109086	0.5642840823975248	0.11264771826167247	0.25967995816810974	0.2405833364390721	0.25627994003505183	0.32288756718062145	0.27550504964081024	0.14981452133832784

0.3128849652880047	0.3237507359834982	0.3938704984725758	0.38784072052430646	0.31615906129813065	0.35257671325160705	0.19332624147009977	0.28032597787018787	0.44685348411147385	0.3378136789509894	0.2305520404668704	0.32388171691882484	0.3954499214862773	0.3379084536737862	0.3587348764876727	0.23626505384994378	0.2235368898186531	0.214155760269453	0.11395721880492987	0.3215251045517634	0.29306708425328937	0.19120946612985296	0.23272405708354532	0.31782099988758816	0.1592568992785694

0.6236084719163282	0.3934092460846846	0.40195550443721045	0.4525842467455437	0.4939821150889191	0.36954369388432795	0.24143170493553004	0.5945035147840798	0.43569849523847626	0.4048459410593611	0.27339102890932815	0.4063029301241555	0.36496244582141824	0.4135653744886308	0.485063351994937	0.43930238481568495	0.4110367607169223	0.3980043919900095	0.09527380615521092	0.3034295094497518	0.2749714891512777	0.2155805561758844	0.3221593551989061	0.2955033126058537	0.11724149597351317

0.6424069298201531	0.418752748114789	0.33422674933817464	0.3692576972935837	0.5683033196297143	0.3265062561525096	0.25749297898416557	0.6400688598711417	0.44370875075534755	0.36357407184331325	0.2667829811406389	0.371106131548617	0.40333301874247107	0.44668849469925337	0.44803910835601846	0.44881758985905	0.43124565691874406	0.47044966297857493	0.07964172471892055	0.17311622159010692	0.16044316777833084	0.22691998005245384	0.24315691118359553	0.18170441720619668	0.12402392357539549

0.4468043461214204	0.3793124545776186	0.4305292884266106	0.44763341588071026	0.4019289956916766	0.3827034598407455	0.2721743900702742	0.40933957512875124	0.5264544992689149	0.422643070664896	0.27669944056090146	0.4312783593425795	0.42067762073015047	0.45820238672797287	0.46598443476129325	0.3484296196296125	0.3622182391522421	0.2997933989745971	0.11573369270769782	0.3246923185671968	0.2962342982687228	0.2695579000826852	0.2962046399415614	0.3200902399184312	0.15362127940047446

0.7206112637393416	0.47355042699448446	0.6146805503780324	0.6577735334756796	0.6998274588939047	0.4540941480544892	0.3681654849937429	0.6878959987017392	0.49585619978958106	0.4987476736712232	0.36547163580355857	0.46621208107197154	0.4192986832737866	0.491174496147468	0.5002441706386574	0.5059799417526245	0.5294315295601901	0.5022894168024432	0.16028799938810495	0.3758495531003682	0.35108091801670793	0.213554005240253	0.3872842397724886	0.3721257064231133	0.1845911114101521

0.6627285404733188	0.4087309934499208	0.44485039151561306	0.4749513233763588	0.5251015497944759	0.4047391787028378	0.2787257522582077	0.6157036097480468	0.45520620860444655	0.44134881557162187	0.2895870721764138	0.3550607820709136	0.4050708473520112	0.40902057597987573	0.4175038162710464	0.387366746518767	0.41951175073183233	0.4284790045493619	0.13076678444621087	0.3374272955528461	0.31639290898821204	0.19694786798920333	0.34004791761976927	0.3430899535717725	0.14110393078772515

0.7130388608434726	0.6027349713935903	0.5082118199626311	0.5323818644304873	0.6707239398392687	0.47488949609472275	0.35475753619480377	0.6881077023172806	0.5147060528342124	0.516530416122269	0.3672899854826067	0.43780354712125447	0.47590141721585555	0.5106704823287729	0.6946308426598211	0.5893686009590653	0.5246336429382212	0.511115515231173	0.11940299242482198	0.34668080976640214	0.2909393369429177	0.24639542254657198	0.32101245486326185	0.31099056543880726	0.14876450613677603

0.4505605056134268	0.4288496639082879	0.45632160836316116	0.48170298513211884	0.4228462847941201	0.4438167182073056	0.25245894835312965	0.3599870504881854	0.40056273534778286	0.46929834821234395	0.23103693871585929	0.39662788775069835	0.39143020661226646	0.3774152947520809	0.6302733291487846	0.8347765697622291	0.3110232863956761	0.3001758664789281	0.15617825559963236	0.4157063190653713	0.4002137246481251	0.09382284628897429	0.33988631066234654	0.42814898699669046	0.16566814699427856

0.4353471723124901	0.43975860373276154	0.5219589485811627	0.5423355877493924	0.4680918212333627	0.41497508949363093	0.29294099631369513	0.47372439650330744	0.4456043933193239	0.48591961166846587	0.33635914679615075	0.4081531888231048	0.4397914179107974	0.45138495529659584	0.5435960746399107	0.39362772790584233	0.3422801028274231	0.3060888401833751	0.11807849352943767	0.354190395324991	0.2990265950649195	0.1305958723026814	0.2884032227929013	0.32232477672416926	0.13864354486710118

0.8322989205347835	0.5373553286134878	0.569271081457561	0.6074300555721313	0.7025396130244072	0.508683036240146	0.3284418947400296	0.767540959879615	0.6069867591668159	0.5664879613952143	0.4038139294909917	0.4632915085814503	0.46378770552035187	0.5334498713529112	0.687076056975644	0.6729524561851823	0.5934821765342373	0.5930322405382054	0.20042270115812078	0.44536360442731626	0.4179771992848913	0.25007864783966943	0.43067125884999047	0.4539718750055095	0.23119228031443506

0.6063280133463096	0.41336091544976994	0.4695852599072885	0.47520526672981594	0.5450720481633999	0.391270509671551	0.31126443543847704	0.5482722402078595	0.4476249112927231	0.4743094709037183	0.2969358351574919	0.4144856704415353	0.467287220041829	0.4650367689033199	0.5163690841790817	0.40564512949756387	0.4856436754475079	0.41680231506476584	0.10549577615932676	0.31377656144817895	0.28863250464285495	0.16550784604329005	0.30109105212233406	0.31052498463333245	0.13149838647041917

0.4825100254615181	0.4371147390318074	0.5722347822748917	0.5242717754340349	0.44972511178483454	0.44964163747035657	0.41279404864253844	0.47247463351165797	0.5551000343391834	0.5824428933472723	0.413450332384913	0.5546002140266837	0.5276284796919292	0.5425669891839915	0.5181571491398795	0.3972199645177844	0.5414418533654326	0.3318340716059629	0.15242398194263584	0.41909560729096496	0.3953733870886817	0.1839649548724585	0.3683114917080327	0.42483063641639907	0.18692657749825436

0.5302857351219603	0.32556831828423327	0.2753938748789432	0.2862616883206509	0.41832338572921257	0.2673572193677593	0.19748767295019237	0.5340432704067628	0.32710142802808	0.35737967685520783	0.237054601733879	0.3092389713254682	0.2670636534686886	0.34928379472769977	0.3952706957538555	0.34120694972089416	0.8722287638856282	0.34505838189753246	0.048100589450728655	0.12161670940394728	0.11206839853942846	0.14992639178883443	0.16353973681502232	0.12919096913105513	0.06698856116298184

0.38176727608212974	0.4112071604346875	0.4447639858437188	0.40536333639458977	0.4181133645950902	0.38346920054690337	0.26054495893094154	0.4206231129511915	0.42921744273032425	0.3836685310888772	0.28598575396410925	0.4745419959562053	0.4006002885893778	0.41163083157310865	0.4775415132756864	0.3348195438113317	0.3282978675240101	0.26464555914991805	0.09247668091271682	0.24888038267679455	0.22894134030194307	0.133927809711386	0.2644399742466288	0.26857106516477325	0.11704894619589143

0.2234145154210083	0.3046532237829412	0.25359020818926703	0.24244309866699137	0.31006120544897264	0.30318588598144147	0.17882295082243332	0.22966114648945238	0.26862675428707156	0.22928357474201178	0.1738859549019612	0.2673274877077211	0.3107320175108855	0.28220186856079643	0.23390675242109135	0.26314667742887976	0.12719024594250405	0.19316967885786507	0.06211238236991681	0.1605872308718806	0.14740279448818322	0.06287587238202663	0.12864413466530325	0.16959065030855675	0.08420461922523698

0.6980826608336558	0.4950880872608694	0.508561451977912	0.5638835336276763	0.6670723303951027	0.4771939895042928	0.3029659358287026	0.7088534041448328	0.45941575187117334	0.49174466303900444	0.33784232372341866	0.45129416150742796	0.4281360349615092	0.4836710105787462	0.6545843166515373	0.5517383990411749	0.47010732293447194	0.5103321791148828	0.15569524052036235	0.36753849189972143	0.3409127711580441	0.19507431879635284	0.3509852720126553	0.3643484361323097	0.17745258226144617

0.5558733733002347	0.5377340094437126	0.5973085387624486	0.594721351369984	0.550453041190283	0.5481554193623279	0.3983104160289482	0.5154544600035826	0.6199759723521852	0.5463573315928152	0.4212387336000667	0.5453712502362205	0.5073862708038743	0.5906291025199883	0.6456851721964962	0.5177894559633474	0.4189786127048743	0.4342842468182907	0.23822954613827782	0.48890710881863453	0.46584792741380515	0.11968488651912254	0.37288393738453374	0.4930154608415003	0.2745139750176405

0.3665727398549956	0.39848830551245507	0.37696730583980365	0.3634321584105049	0.4403902609127033	0.35026864453906115	0.3217128033920727	0.4089165153210622	0.3538744843756333	0.39872043978382543	0.24034998814597952	0.41656576448369986	0.4900256559303367	0.4954872972600186	0.5750976472888455	0.3975647482450695	0.374495629587872	0.3150923229923037	0.09775739354874062	0.2017982025823759	0.1882827882120876	0.14809502677608594	0.22316976517753145	0.21628941007550162	0.14600142958383672

0.42854873432446405	0.42603703414284344	0.4563320119584102	0.4570048391677747	0.4139479150496721	0.4426321881030726	0.2901548111364312	0.35307007091221737	0.46710353075645505	0.43719614279562846	0.2565036065737479	0.4234512887672325	0.45231094395181964	0.37669578557147293	0.4961380194949271	0.358535151857823	0.3050946129014322	0.3017822739303314	0.1550890257333145	0.42175122063402537	0.40620170731091465	0.11659400577461565	0.3121376804166113	0.43560993770771084	0.2013627426497392

0.43550510107134754	0.44089524262014784	0.4656206170155855	0.47918743813191933	0.4494205960085121	0.4644715176266804	0.27393671698269206	0.4027087577326589	0.4628169641145883	0.43456275229510666	0.31360616381875966	0.43985264610841923	0.4210358015726473	0.420041405190799	0.46157434937154634	0.3917528907664506	0.2536621421279815	0.31179548387654366	0.16173661398623732	0.43061905428811154	0.4074459230471662	0.09513847187482825	0.3085469710411656	0.43922828905021105	0.18641645467859946

0.33007094429864386	0.33705704973127315	0.34914717047773336	0.40218586319126753	0.3724356114654385	0.3413073877066914	0.21416574380788672	0.25358998175524383	0.267825246822829	0.2637846909451422	0.17584337948645723	0.2816339447065154	0.28329383959192533	0.27670519505239266	0.2744645632256348	0.23947215320253995	0.17097334334064587	0.2577171051048731	0.13899084188134336	0.34655872762817685	0.31810070732970286	0.05997457800982438	0.2740226678285793	0.33935334576335985	0.1546538434220646

0.655419646316546	0.5131127989519852	0.4657104097025828	0.4744738220394059	0.6490832385368777	0.5064994362131663	0.3434615759819396	0.5903592457477667	0.4608207180639692	0.46124646211643267	0.3340981080105051	0.44566533613156856	0.5043920678983125	0.497439053607031	0.4902656450965661	0.4934545906669042	0.34352864171041986	0.5165951976446403	0.17578686758260736	0.4191949832571269	0.397065748888948	0.13420130209407433	0.30590373917716285	0.4265094933867698	0.2097785539274423

0.29775941259535194	0.31355682744611113	0.24692954293525882	0.28401006688144137	0.364395177103453	0.2825767593371161	0.20693071073160646	0.3065978876049019	0.2340666121852023	0.21347450393624723	0.13736709822770854	0.2913165168854213	0.2725820980513818	0.28777158707737177	0.31798821109948394	0.2821958137341827	0.16545329873943299	0.25993299417116333	0.07417977896640116	0.15903720333395363	0.1472858464963438	0.07799294766377327	0.17084056414249368	0.16743910764602304	0.09881679361036247

0.24192273115733154	0.2895321608559194	0.2634198829369551	0.25217882975466355	0.2476355712894574	0.23384252004053796	0.15760509941828846	0.25618054038373317	0.1965467560529901	0.2762876173394071	0.12701336637199662	0.23445951199813617	0.2896571836781698	0.25012243956577435	0.24855805493166963	0.18576285615059382	0.19096027186590692	0.16558061997137435	0.053304592169568024	0.13816201653712049	0.12641065969951065	0.10152303110786487	0.14535840737439149	0.1442694006476881	0.07186042045781466

0.18228529919628092	0.282448993992939	0.21643150068451456	0.20357015261982953	0.3110244489933546	0.2631678032488271	0.1619238510533304	0.1464273751968326	0.19730290043764614	0.13691880598715372	0.10347793316047735	0.1816803566438991	0.2934400655604091	0.21836708450366538	0.1775519579003909	0.1853572056677776	0.08590560552227168	0.1950456877357537	0.07529481293009159	0.17376966143205538	0.16058522504835798	0.03812828123773504	0.13084244236769718	0.18468035013455963	0.10074204637154108

0.35091976949447784	0.25307262528100694	0.29237125791371293	0.36030755826353267	0.2898678893038534	0.26619675290488887	0.13141671430564186	0.30314788110798535	0.24434735910528094	0.2176923897959842	0.11917765991465379	0.28170648627251305	0.24979868500493768	0.20596426177328445	0.27641289045611167	0.1931190808952025	0.12518890707824498	0.19651300452571627	0.08024174472038469	0.2878096304672182	0.25935161016874414	0.05644622634342813	0.21765687673627976	0.27831665476524736	0.09355414814928117

0.24238801185452197	0.2985777214601675	0.2469484060756208	0.2394500426597435	0.3133808846708847	0.2829674958653891	0.19987048155677054	0.2901233836923922	0.20235627737978756	0.2413725669906012	0.11558783961782784	0.22619904600577515	0.2996591569595025	0.29882578702298007	0.23751083239282908	0.19848779906968544	0.16405776222072807	0.20134693302560538	0.05411762824307653	0.14759212511426292	0.13491907130248681	0.07125472793941767	0.12558194177554355	0.15460442663615032	0.07180418725549083

0.14525246784706936	0.21973495907609192	0.17932801434523687	0.170864512205571	0.24844053160243484	0.2101486917661315	0.10890473957063476	0.11169231524680605	0.1576469950603797	0.10601862952522478	0.06775088138771555	0.13045861531690034	0.23163971263655123	0.15900343183147508	0.13789605252312445	0.1261906298522925	0.056622056393551806	0.13324533481189585	0.04601126380137171	0.1444861123033355	0.13130167591963812	0.025887269106812397	0.10239007068397689	0.1519747097203011	0.06370921502232949

0.20755840522421287	0.27392119690016614	0.21829034339414127	0.20791665688072986	0.2820620038339863	0.2623926157460644	0.12729982595473766	0.2071959078504743	0.22992337729771734	0.1912492487299456	0.14622654100648538	0.18000116628094315	0.29275173177560676	0.23062769269097994	0.18323208735458874	0.1710437098657645	0.09953289334633654	0.17643820313020142	0.05460748206232192	0.14356514738239343	0.1313688529687617	0.051610138748212145	0.10396865278158485	0.15008270912760896	0.07391514862211895

0.27394240733851294	0.3719631387053598	0.2886318343800246	0.27541139129561354	0.3833209723256305	0.35949788586026143	0.20917999490717448	0.2706904538351407	0.3021411480094966	0.2542245833551642	0.2101194749942761	0.26123242535413543	0.3904897474435003	0.3229609621993472	0.25197429708736413	0.263918408252341	0.15975801853707544	0.27244285544641783	0.0997852201679606	0.193259717039147	0.18058666322737088	0.06792545282543108	0.150841502681328	0.20585346225300022	0.13111143442180695

0.34381028353271326	0.43118360236443243	0.300558548056397	0.2958723962117475	0.4471720187459336	0.43215489441868626	0.26564777634265474	0.3408662243562763	0.3342647718748769	0.28820025548862616	0.22996274452962068	0.30704441950380545	0.38863761086762844	0.3615779242909744	0.34893409314160867	0.3383460397272436	0.21233427001377306	0.29162601810957034	0.0975179912659258	0.19099248813711217	0.1783194343253361	0.11674093023801413	0.17873302406980301	0.2028639755201953	0.1284676719298956

0.24081600185132665	0.3188327430056739	0.2518381202132099	0.23914299216415946	0.32692909589874203	0.30300360902843365	0.16791081923710693	0.23937813082504938	0.2643997307310416	0.22162031607919236	0.17935777982261103	0.22020469782517116	0.33277976889033845	0.27421668432881335	0.21770844078791302	0.2144356246468927	0.1291342195548188	0.22056470670908	0.06673784501954111	0.1639211577960785	0.15172486338244673	0.07268016731322091	0.12747110800982925	0.1718261363574502	0.08916038928415561

0.41916445198883034	0.44140338550329705	0.4334160055890888	0.4314393339415544	0.46691072139244794	0.42319120737768456	0.29364074053621264	0.3383570921463646	0.3387555195690062	0.39452015308589217	0.21707664443796923	0.33884971018547505	0.41458543955633625	0.3618832738741574	0.4089168881435626	0.31207747221757576	0.2463597656299148	0.2966818044184458	0.13561282301124256	0.340288536140825	0.31962671250935804	0.12169594792446163	0.25128316920136157	0.3662635324521187	0.15512057177570535

0.2243145819473228	0.2901212645917331	0.24924642586263282	0.23410437209268292	0.30476374824764524	0.2755952995843872	0.20463770694751698	0.22196281551740077	0.25339930297498614	0.2252522812644611	0.1672003791206955	0.22383160844137323	0.3226386415893274	0.2852062970860226	0.21543161915624856	0.18392405255467587	0.17246861040779216	0.18678970527965372	0.0577157011053899	0.15619054960735368	0.32139864112088534	0.0696295939719947	0.12819331891606617	0.1648259312685288	0.07876414600323617

0.18655604481521337	0.23469165040265821	0.20508470038674353	0.2049565784797343	0.277283807425595	0.21563172278705958	0.19433636054079123	0.15656301555650265	0.1761610458367375	0.15057039251954366	0.09350418131759562	0.18937171543734405	0.2588621567377823	0.22092159329403682	0.18877930420955272	0.15256842248919134	0.1390370027329714	0.16011210255987754	0.0520986484967494	0.1505734969987132	0.13738906061501582	0.04244488123903115	0.12310991517853381	0.15870108033760785	0.07122229977783268

0.19974342628031794	0.26296790271437015	0.2141126846384399	0.20450020332231747	0.2743232725970445	0.2555954946729117	0.11552372297282865	0.19823422615630934	0.22596193117496874	0.1846910250646519	0.13766349983206083	0.16920341545941225	0.28117664783955226	0.21960847827125085	0.17578120253311158	0.15808915318065203	0.0914678703733213	0.16344528978707357	0.048118408753385425	0.14159290562457183	0.1289198518127957	0.045985371096000295	0.10085773354080065	0.14821815513990433	0.06560260814673674

0.6872628516831689	0.450748236380626	0.41149970726594454	0.43735529879112234	0.6016667572737033	0.43555525302076337	0.24259423125654034	0.6004677994695209	0.38055785788344243	0.4247747976957085	0.28885460181253986	0.3290260472173828	0.3717194572691085	0.4010598060094273	0.3140309609796915	0.43308642046720447	0.38639072613498626	1.0	0.4104250591820802	0.42635314105975697	0.4218265435103684	0.2265388857520833	0.46350865581820255	0.4500595516641262	0.23991763001316269

0.2674395157858235	0.19638331223249433	0.2787586817991019	0.28698587530698083	0.20284639381736067	0.24821968050675897	0.12258425748446591	0.17127465660361538	0.19336306945101128	0.22962678153734173	0.14093504035725316	0.14931213400792132	0.16065371573508486	0.1271139347213462	0.1460929722177678	0.12054850356632625	0.11662712446717773	0.4104250591820802	1.0	0.41577116952783527	0.41294527113206436	0.09475901029416336	0.3921795953744232	0.43791421862410235	0.21471330672187694

0.5270264392452583	0.47738883322438075	0.5243209376632885	0.5086866078557707	0.3992202421079778	0.5222007469025403	0.3905436983843903	0.45275088240827543	0.46501249541546086	0.4892281075929438	0.3959975982749813	0.41770181912392185	0.26469452476872013	0.33468182046817974	0.3024966739818455	0.35152705757780867	0.32255143820771015	0.42635314105975697	0.41577116952783527	1.0	0.6785512766247818	0.11757216305886568	0.5581023322203116	0.7027409422582802	0.4210028451801892

0.5195135463992413	0.4512016295825746	0.5008438417031966	0.48719163306672947	0.38389979179692546	0.5006006224882269	0.3671953601164411	0.4174792450242853	0.4427354431339867	0.4836677874886063	0.362734022347808	0.3933291992171656	0.25096121091913165	0.30622380016970563	0.28255763160699404	0.3207633726825148	0.3008999766401692	0.4218265435103684	0.41294527113206436	0.6785512766247818	1.0	0.1262879799196991	0.5707763820776715	0.7186637349055309	0.3995034977853327

0.2604729589120947	0.26111741809747235	0.12153530252203822	0.17451518499478189	0.19583783534153593	0.12949483136827455	0.0867536973682092	0.25152370309151423	0.13615903796102613	0.18992330751853748	0.07065712244356603	0.15537639276493476	0.10253314382079809	0.18992541489180553	0.16828536265606364	0.1617635969566657	0.13129971621780745	0.2265388857520833	0.09475901029416336	0.11757216305886568	0.1262879799196991	1.0	0.17578586797225546	0.13699868127944007	0.09783168296081263

0.5079427821959075	0.34696769319811	0.4181545215341695	0.46681186121166596	0.34948056377141956	0.3640331950687613	0.2679597163741229	0.41083102693983253	0.32099269266793107	0.4264992957111736	0.2705230951916725	0.3487922189250104	0.2193589571415566	0.32175510782580274	0.34794661131099247	0.30503175038575453	0.30741754283551226	0.46350865581820255	0.3921795953744232	0.5581023322203116	0.5707763820776715	0.17578586797225546	1.0	0.5955713524863453	0.368588253317575

0.5425479685412016	0.4823988563626951	0.5238040339472183	0.5076631707539951	0.4070629260221706	0.5249535654226678	0.3914206598479358	0.43750217173631545	0.47409908470612344	0.5100503570786652	0.38289543717988433	0.4195140093177386	0.2875836725264018	0.3333458235368759	0.3305819219666092	0.3458615510039732	0.3250833848319785	0.4500595516641262	0.43791421862410235	0.7027409422582802	0.7186637349055309	0.13699868127944007	0.5955713524863453	1.0	0.42262827639075873

0.2739177574872392	0.2207715351241356	0.3075245591513635	0.3021101983327257	0.23802855787261737	0.25082813847461	0.14282608900805904	0.19130036694064095	0.2528208467051004	0.22808177846705116	0.14944819709410423	0.17769205852757358	0.2669473497890579	0.17066677883752884	0.16964960998373563	0.1423794065887985	0.12124267678014017	0.23991763001316269	0.21471330672187694	0.4210028451801892	0.3995034977853327	0.09783168296081263	0.368588253317575	0.42262827639075873	1.0

0.5703557920353566	0.49067836556990135	0.5535025612968106	0.5917916423018512	0.41446076921798203	0.5160829666780132	0.3956002035853161	0.4800618399088121	0.4996229473634486	0.5177050071128158	0.39792874063313377	0.465216065506733	0.27029629762849994	0.40010815549157464	0.43931742956978104	0.40286346490751446	0.3789009468812661	0.44965046023620275	0.4220084070154574	0.685824378999103	0.6734310364786422	0.1554560325582139	0.565175432497153	0.6976207021121406	0.4272400826678113

