1.0	0.6670136096661939	0.5321499163660227	0.5683976787646012	0.6248786192651936	0.6725194750428323

0.647031190700754	0.8181599303046208	0.5457710174595978	0.5908523207851162	0.486665169764288	0.5776814268961128

0.5321499163660227	0.6039830823299325	1.0	0.665922085304983	0.41184163308178534	0.554988268756244

0.49623980555767017	0.5999593658851581	0.614017754023874	0.793860804843076	0.41224219625800107	0.5693689322067754

0.6945606087533016	0.5132386325556255	0.4946086534118718	0.6543315535820151	0.9250232111014131	0.5396540937761858

0.35927434481325315	0.3755857599076863	0.3925684110550618	0.4615687204992359	0.44425423465791025	0.4057571940347869

0.6026693402127362	0.5461574138790334	0.5521537176560534	0.804173911809537	0.45541305653489106	0.5579359285297363

0.5492817075768023	0.4432300066210376	0.42799050414307727	0.689625985256112	0.40209922910170115	0.45229274134343506

0.6238863316778717	0.4700678294258792	0.37884634046628396	0.3650452599600678	0.5111477159935558	0.44339070140929415

0.6494634694834083	0.5146332344735931	0.4948654199686122	0.6683128510290579	0.6451241211861256	0.5036731510537001

0.6267728092973204	0.49354225908963534	0.4862306353597452	0.6382751465712084	0.6609472421305145	0.5124660004239011

0.6681217385347833	0.49373561595296866	0.5096040516228985	0.6361519421232997	0.6466263836607289	0.5144942260006456

0.7612088318470251	0.5789406618057709	0.5519775309542596	0.6351620044795195	0.5540711820598687	0.566180654989005

0.4063504247421273	0.4056141098293684	0.4426426429666065	0.4385323909715859	0.33257088285469094	0.43931313180587217

0.28030287227697626	0.2967543994460162	0.2722209562455362	0.16205008756671752	0.18596599956659493	0.3174152664458858

0.6930307671992377	0.5079060149518875	0.4784195622442004	0.5628958007085567	0.5484474808633539	0.5363346767425616

