0.5242028294957948	0.4614467284217948	0.47667310986277	0.4974992376675582	0.20574690576567695	0.5691406936433248	0.42544807939422363	0.30083236379025124	0.5510815157927689	0.44078660475972886	0.45730477697319627	0.37291889217120167	0.4199499560923584

0.5848601575381625	0.5774127145944827	0.486652375372735	0.637248012032934	0.21122759880843933	0.531653170237338	0.7218428957731373	0.6241988590770733	0.5253786561611594	0.48997241837999395	0.5769261552029823	0.39261015246963504	0.5018915118119414

0.7914564223373913	0.745889593065141	0.6401665656708914	0.6914520027947293	0.47993607705316566	0.655179249268339	0.5992878487869019	0.4235615540507144	0.6581614363846189	0.5570821716126406	0.7613315079933952	0.4338383837958215	0.5069585166894963

0.6388473734954367	0.6137837826197456	0.5438494030560082	0.6428146051818475	0.27574754644163624	0.5585292810098225	0.45572009819925086	0.4035386310325383	0.5937914333847987	0.5248884456522378	0.6280841207153662	0.5689180041798082	0.5466464276478746

0.5769808829344922	0.5774972978720331	0.5228139155395815	0.5948229236574645	0.34824265806796806	0.5931895461996288	0.5318377485312041	0.3537520643155423	0.568665847643774	0.4929206365748673	0.5411929987484749	0.4088737382835437	0.48712775675784137

0.41319061231654775	0.6440790863697623	0.37932567286297403	0.6092214959538316	0.33273533772620084	0.5414145987600081	0.4812935372320144	0.3057932643502841	0.5563861375059354	0.6031108760346391	0.6134564717136896	0.5551487373633435	0.6011611492616766

0.6403005313423156	0.756504165545236	0.4980168016504571	0.7389884861816222	0.27013839331493694	0.6000943070938571	0.4928935687246191	0.41603016070071874	0.5854068292786134	0.5964687993602504	0.7181368750978752	0.42848934271310757	0.5579877014387143

0.35981698570335774	0.41209221778194355	0.44892389426050233	0.4200845995368583	0.16868847428169498	0.42103715662730645	0.3085247096408934	0.2784978730451282	0.4994926881390702	0.36911275381521513	0.35197473546104474	0.34285185340841395	0.47899970414342846

0.5652614182051595	0.5360903545612934	0.42466748043819835	0.5761782319354991	0.22346107515021124	0.6727788105573316	0.4188606702147103	0.3014426359542808	0.5303302576840574	0.4514071549856181	0.5010052344660969	0.4744601120347822	0.48851380710252373

0.5454812589598865	0.6189067992668693	0.5461893105046518	0.593423381075777	0.3469337099950458	0.6016825046887397	0.5144733731487946	0.3962452807631409	0.7279448211621846	0.5774103674050077	0.5493018361543871	0.5190643988987784	0.5894703375666939

0.5179251345820084	0.5772213857775123	0.5222486801406083	0.5821981587331119	0.2861692746206461	0.5860517445053478	0.4726690429161875	0.3639854229128883	0.6339980092607769	0.5484227384209658	0.5322142645367185	0.4817011013223399	0.5446383201388569

0.5870323210005732	0.5912928061055436	0.5326583355021666	0.683130690516764	0.26124803835857474	0.6090234899185458	0.45615317248653836	0.4648379702329444	0.6439473276699823	0.5391812114657886	0.5803096390343736	0.4588847323904022	0.5809541136530438

0.5967054587134585	0.6137556760150676	0.4952978271433743	0.6498091663115447	0.2403512065842065	0.5072128852306067	0.5875357431985694	0.8306007734624854	0.5541394555167012	0.47029635914358286	0.5998858983478635	0.443374155583365	0.5278554028674398

0.5082354670809093	0.6113279137994132	0.5075353641991168	0.6092781049214449	0.28758584990025965	0.527090805373424	0.4941482055249835	0.3855734963047708	0.7031048062450385	0.6878651202709982	0.555063590798176	0.4633715607352469	0.5733999462623938

0.5663709762906233	0.5558409430504861	0.49512441885649333	0.6199955526267507	0.2484971022787269	0.5879215716044928	0.39998556820503184	0.38014842816150834	0.4952963194353396	0.4563003091910202	0.5575867942065964	0.47920751927443606	0.5220969585490267

0.5734349416084391	0.5932977194014405	0.516087230614291	0.6123853360213838	0.23497444994753688	0.523070995317141	0.4535954857139365	0.37777278920220186	0.531356317242292	0.4860593256384858	0.587246791412354	0.42593392398837027	0.47177402537362667

0.6197796185267224	0.597871301020141	0.5031929242809479	0.6020583684658012	0.2685682761027898	0.5827300246340688	0.42602372318787646	0.33548794213936606	0.4984873627565608	0.44169447663491956	0.6016876091444812	0.4106941118754067	0.48223830451609273

0.5053865526658075	0.5384923275581031	0.4231941547108558	0.5232527391723812	0.2164328493531882	0.5687888730821232	0.4172676144881151	0.2885837403899287	0.5528498472787099	0.6596675326947651	0.46151676847958933	0.4367299413692399	0.45403887553642264

0.5307365551559076	0.5635872789487474	0.5255639548775763	0.6441429404267298	0.2442049808587427	0.5367985596781287	0.44913038545713757	0.4066228721868729	0.6022542026246122	0.5746387406725626	0.556248867343037	0.503478107396946	0.5489276784730168

0.40853157954166175	0.45320018865344186	0.24558345651181135	0.4366979106154487	0.2923678060374936	0.43539408667874485	0.22495620380096282	0.29105702055986615	0.3366410420033822	0.4314221330208179	0.41864907252456035	0.4236509599202611	0.36036644412653557

0.4544429310168643	0.4467761337577607	0.4224744728174218	0.48883206329608897	0.18316844449604977	0.4404707297383032	0.39167405333874916	0.36101169940100364	0.47379822483145395	0.473756717126693	0.4268463725372969	0.3660454512167344	0.4124511255614156

0.46126662692868453	0.4697250316018963	0.44630440950874384	0.5061634013706986	0.23976338763632446	0.437295827912367	0.33770151120303443	0.42419801542627333	0.49592988434420593	0.4665571658963792	0.4674725557348105	0.33971715442847694	0.4745534775597715

0.449065086792903	0.4893739373295839	0.42942608252171405	0.5812046406551947	0.21364570090116886	0.4429941409453942	0.3483985256321682	0.40498010843779864	0.4951016197655037	0.45101107127790474	0.4620741767670904	0.38907440280820343	0.4467651170255206

0.3798513374726653	0.3922866945186051	0.43159963354101616	0.436994077007608	0.1814083703679089	0.43597031394491215	0.34094461743645876	0.35067229877222084	0.5019177349083958	0.384213375598511	0.4608988329554684	0.3563526850060334	0.40355139141384166

0.5977429055338974	0.6487660139627667	0.556572488115952	0.664747736542022	0.26184329083697766	0.5735651479819296	0.48566771728545044	0.38507721725991445	0.606406386873156	0.5748135940694992	0.6631338984881099	0.4657610274212004	0.5740477195499325

0.48267534427861286	0.5687142861558883	0.4554767853433759	0.5426600500158898	0.25412884908654026	0.5579336425244485	0.4597854779749695	0.31070556902917223	0.5313441815026758	0.5337199254867755	0.49419235975742526	0.5022906360548348	0.47125355909174194

0.6081060629931981	0.7291838777137665	0.4440854180033894	0.7283600636004575	0.25256064964204855	0.5861204563125328	0.5238868153269368	0.5016034680735776	0.617471099799483	0.49080377544085607	0.6771607722865121	0.43731577814003697	0.5417247764162146

0.3209655757283979	0.3379607231309244	0.26413647440679666	0.3554144553351829	0.3107958646898394	0.35211488395036006	0.270993922352935	0.2723124671875132	0.3527684262837117	0.4124546712710555	0.4001177215702224	0.3509437618764927	0.4467103082536573

0.4146930115052328	0.5042161212330614	0.421259868016934	0.5313789317254611	0.2017840129637358	0.4668250881291437	0.3315816498062074	0.35278344266733824	0.5006240544259808	0.45348945012015107	0.49845180398389577	0.39386196315911404	0.5303055790666196

0.7064762083878242	0.6536495548705686	0.5076340013315535	0.718364783974763	0.24399799568235117	0.5922686530736276	0.4575720025260691	0.49143816326920375	0.6590239416413048	0.5255112685575098	0.7194836756253762	0.40226097102380864	0.5472567142598694

0.608801587685316	0.5778165000929927	0.4876761209892127	0.6442892868524608	0.31124491506130003	0.5650026408155187	0.40095230267317333	0.39037380076174943	0.529125503396943	0.4837256574352691	0.600019220716495	0.45448236293098093	0.5113734489782946

0.4366035409923129	0.48050818416344804	0.30724223511778687	0.5419636017766859	0.22192756061493243	0.46645310321015443	0.3557537160189934	0.41122606423598485	0.48499330875204716	0.45089623408641777	0.45786229102219694	0.4072789276181323	0.4428414455098144

0.7253202518713595	0.7410029173457429	0.5818728656871537	0.7406412545788627	0.25444874651892424	0.6786354119654103	0.5388794042136238	0.47347002180568853	0.707433651551828	0.5697243586091857	0.6847484972325537	0.4047921423636167	0.5398077792059109

0.38028364041562124	0.4104561439844463	0.24982047513558187	0.43662459694105177	0.24364593855954053	0.3997371913921319	0.2766796136146613	0.2631114679686165	0.36234982736878074	0.3727735153979612	0.4194409087022478	0.3248878745161866	0.3625028228605226

0.6865514039796414	0.6162008704951951	0.4975981673565183	0.86183533871516	0.3277344569982783	0.6165627985238245	0.5505875114735475	0.5602977945318308	0.6247131143059745	0.5829827646278938	0.7058629002510894	0.4668666917426422	0.5613930336175699

0.5831074173890176	0.6185948954903472	0.6145209066442434	0.9480942980730539	0.2553098641873578	0.5535275172718843	0.5076962160250496	0.44174587217701966	0.5635496504019444	0.5558232386396156	0.603132913576288	0.4236533027284958	0.5933504972645203

0.5967402841253815	0.6107737424607249	0.5062416479037909	0.7085507102148476	0.291861363442976	0.6303755659397623	0.45452823839785605	0.48314577366638783	0.6205143893812555	0.543989766594313	0.5867222397400029	0.5164066129509678	0.5720127060720586

0.5328043608304995	0.5802252120309875	0.41633663508536173	0.5360964598123713	0.17422201991281275	0.49533927744539463	0.35989659260608264	0.29543778429494827	0.47456760685272364	0.44588033447927833	0.506025288096491	0.382344383036068	0.3931043261065859

0.5787032610641176	0.6241840753875434	0.5873777711942565	0.7034011966486464	0.31962452382938095	0.6339629469520512	0.5297542717665995	0.42415376195335364	0.5917993751378483	0.5679590007882089	0.5774970421950463	0.4703949433795276	0.5351125443169965

0.5055583585676606	0.5373644332285258	0.5096028678812083	0.5584998522774948	0.23747808667956008	0.5657619705303707	0.4401284096132315	0.31559820971259533	0.5598718844741228	0.4946241023741515	0.4990643161681717	0.4142032418468628	0.49789502971359945

0.576565585981704	0.6406636190798791	0.616300977443385	0.6293947790117709	0.36307033215798473	0.6272442591172217	0.4886584287821383	0.38155168548191987	0.6355467748141894	0.5322687367774848	0.5510271433730509	0.5298964633154394	0.5989748762262568

0.5140498278581063	0.5177302483806145	0.4833440572367982	0.5834260476655192	0.22375175294483193	0.5447361327750072	0.4231014440832033	0.35149977527558063	0.4972299033961718	0.47331974592294235	0.5243862509523634	0.43128853185518345	0.5265085608953237

0.5529262247903203	0.5520080828424068	0.5524271292269154	0.6200050888751125	0.3057005239155558	0.6393569731393187	0.5103231800912482	0.3348216062036603	0.5315120204316096	0.5852197586831912	0.5670967877039699	0.41618968088972225	0.48807498768398216

0.44541007196717464	0.4950793550789685	0.41397993752629547	0.5456617164115395	0.21707443262698764	0.48229555550144165	0.37300154530284135	0.3059220289342247	0.46188826914751857	0.45830359579700936	0.4466080758117672	0.48276790076061227	0.5197892726956708

0.3497929309816283	0.36706859693318816	0.36251224815350785	0.4085012137265195	0.1685560105936087	0.37945949109275245	0.29580169928291233	0.2535055260135899	0.42497805969058206	0.33578914580715413	0.35840045313300445	0.43553642906810874	0.415098068711981

0.49704920012506065	0.4971240841811908	0.5165952859718546	0.5323887434786847	0.3051303803056845	0.5365175709189292	0.45098234484025856	0.3336629845912614	0.5668961109348576	0.47623844730664555	0.49055966356772784	0.5015470352718384	0.5077908297732683

0.48399093079531347	0.51175559064526	0.5276588399258002	0.48191478808933685	0.24991411886788176	0.5320977638397797	0.41820640645876006	0.2691613765997696	0.5314220931457558	0.4159022523802486	0.4595687160127132	0.3950298602106123	0.4150815561254766

0.333572417184128	0.4049992207778275	0.308592374478427	0.4163020247220203	0.1596625439981889	0.40200524604850874	0.23168249102056682	0.22762521881313386	0.36929715845865874	0.3142565400166419	0.3604772157632518	0.4093546575539412	0.4812216599226035

0.4369086022740094	0.46197782686709354	0.3884354096652586	0.5109749014455935	0.2546961164908171	0.46353289456301816	0.38975747485813467	0.3189425330967694	0.4927307874633322	0.4438431637893362	0.45452812214641447	0.519663007880511	0.5183203582063015

0.4685620559350229	0.4842858984505495	0.46604205060852033	0.5139464764237243	0.29165812773150157	0.5004834738171375	0.4104104109622568	0.32869531416047204	0.5244645973750512	0.4651934021479715	0.4747817227670922	0.5141930311899569	0.49480898705069576

0.5209574195733383	0.5633938584420424	0.6002703602037112	0.6596699070697185	0.3196188608154019	0.5126816738631002	0.421822204142772	0.3935842430865034	0.5341310977686686	0.5093884909873687	0.5494564682881465	0.3958681135115765	0.5777964282766249

0.5427095578907062	0.5492407652527926	0.43677953950534154	0.5741092397216577	0.2899003901312032	0.47515798838097456	0.37337636756307274	0.33133648312912134	0.4720011009297387	0.47099296980659816	0.5612788537068869	0.4498869442095109	0.4368996738581078

0.47433125044494134	0.5185417839890244	0.4554942886292168	0.5742289394873465	0.22256083132047177	0.5534476468939016	0.39941849689098385	0.30648368034874884	0.5679188984798651	0.4702942856845453	0.46138716657605566	0.4312466821452731	0.4805236738524093

0.48783533667102175	0.5253186709635547	0.49303516928340096	0.5676262062629329	0.269276613777083	0.5480671637760699	0.432763069910969	0.3174293674767843	0.5319867548950337	0.5108056136685779	0.492490187593401	0.42843738515094143	0.5178223401691007

0.4530717711387979	0.5044620826542192	0.5011423311832948	0.5368577338691074	0.27733574851789267	0.49953395600220485	0.4132936431792169	0.33919189880127865	0.51634247148005	0.513688200782902	0.4642084830405748	0.4251407134622416	0.5317960174543214

0.34901219452596277	0.43311129992472674	0.35612980326983745	0.4483065273306468	0.5966443381703633	0.4065509909623247	0.3668054974505424	0.30052509024369023	0.4409870550274496	0.42964162139148004	0.3853759349993634	0.4226536845736602	0.5117382624959698

0.5581911459612436	0.5489802340848583	0.7077230263230966	0.7372286271901816	0.28537392033948356	0.5720903814268845	0.4579643635983484	0.47650961510389805	0.6215232788408114	0.5467893648018977	0.5714066302402424	0.4788449487684311	0.5825035110328418

0.3283893502724148	0.4337570205137845	0.3369572591934421	0.4384899130323012	0.22531961046469812	0.4194843112076106	0.3442748393904199	0.23312581035123123	0.40462814924149193	0.4143254807271522	0.35393094411278514	0.4797575660373486	0.48638400723814146

0.48642952944186857	0.4985771072618134	0.5126041459551749	0.5834814612754325	0.2300676522839278	0.5371161249534329	0.4090757991283105	0.34772051891819217	0.5089493526091109	0.4587695515078153	0.4910120392421813	0.4774844765827492	0.48134113541888424

0.3143903027785246	0.3157000401170084	0.28140088976316074	0.34834203434552946	0.306496016064044	0.29643249578369957	0.26113108428657583	0.27713843750038947	0.36908826180451393	0.3592057762180878	0.3867895725098086	0.30286837040652176	0.39495724083376615

0.3484968523122945	0.4472498563368813	0.3900507502918772	0.47399077563334935	0.3001075282627535	0.37205196925383877	0.2879493885316525	0.3579535233248957	0.45475322453179057	0.4358369431189151	0.47914409995134866	0.4658484178951375	0.5248480073722233

0.43719474486829446	0.4831108319924465	0.4508507885590534	0.5736575749513722	0.27635497046470625	0.448476104961002	0.37358922103995995	0.32759768357151875	0.4726326336161199	0.4146184584063559	0.4587187523692431	0.36075078325225973	0.47399949453592294

0.5119013834950639	0.5601234365101215	0.5708906819224191	0.5574204566995316	0.28507366145890056	0.5471578933024339	0.4322395700100755	0.3548171529884705	0.5808348273347576	0.5159537820527806	0.5035991117905094	0.4276461477877384	0.5137210394232343

0.6231170023577568	0.620097822114938	0.5693778241246167	0.6980313042440425	0.2811099736113972	0.6706666546135138	0.5356211710593735	0.4518286168935738	0.7208177962928379	0.5644257172531337	0.5900731804210125	0.48691062360888493	0.5727826099303992

0.48306787149259056	0.5762930560991464	0.5012746177997818	0.5295597989848859	0.2301944724217474	0.5588567065091994	0.4013963718919614	0.3263033759274909	0.5511483034930182	0.46463235660634483	0.6779762251349838	0.5061042743003322	0.5044523907110422

0.4682923291424906	0.6098980602644481	0.32537870355352316	0.6058175174230107	0.2823969515625209	0.5840561827905506	0.4695683271894853	0.319913870808752	0.5995494028366528	0.5325366447676132	0.5102152556509447	0.7151236957617004	0.6416194862395562

0.4184112206448088	0.5200787474807405	0.28757703698303905	0.5258026213056513	0.29460004763327957	0.505933984265542	0.2923268738519262	0.24763807240021984	0.40556520200170776	0.44596762943704427	0.4335870175165058	0.5876444025419025	0.7155424132682946

0.47241346280928453	0.5526986982820219	0.41831960305904076	0.5493871275621772	0.33093708840158653	0.4533258903951767	0.4281621353810316	0.3581260907732375	0.49196040035945854	0.5086390888327799	0.5055596469679808	0.409838662907145	0.5286868427643182

0.4903941530412141	0.5282376278859708	0.4865431969448868	0.5537655405719555	0.3435138073498148	0.5168466399343299	0.4528683329823323	0.3778938941567726	0.5676292570110378	0.5351149404267388	0.5413668194417718	0.4028514440864922	0.49450848399146013

0.4828516083169789	0.5144049093436528	0.5096038746467566	0.5419034638392853	0.3155784654960283	0.5134276163425032	0.42472093933365707	0.3432655244426335	0.5864817849972992	0.5296830340779554	0.5166571112496045	0.5543354844015141	0.5327037119881065

0.4864938523912712	0.5593276416672228	0.5124991952485696	0.5795315141327456	0.24427505794024532	0.5574602616206754	0.47066442055270535	0.37838266184795744	0.6386026135480558	0.4913249146088705	0.48974542809515353	0.5937328519548597	0.5863962533499942

0.37439643910096	0.4929778909161112	0.2894183102702982	0.4536274993341318	0.2493411249138646	0.467082636604658	0.34406018141964445	0.2690704662128724	0.4626960584214036	0.4000859869938075	0.5258652526193599	0.6699684450631758	0.5307246289733454

0.6381588723401546	0.6487250742615529	0.4303543881951838	0.7153333032827454	0.3857078374579992	0.5159896674264174	0.4286176877479795	0.4683173581729063	0.5467356309136235	0.5833635531051098	0.7088199622062235	0.4445948408000716	0.5895586143949216

0.6263291159302169	0.6416960850629221	0.38502296610133785	0.6525637805911679	0.4093550954430633	0.566758188362099	0.39719103413633	0.39309003286600375	0.4743921954464118	0.5708783352209588	0.689540778059847	0.48412958635136666	0.5149455644645474

0.6530985174615211	0.6309645327281954	0.5946256164339112	0.7047235052499077	0.34687433347788676	0.5820504363493091	0.4734263726791408	0.4422873643720594	0.5839626913415319	0.5332534046170332	0.6600592826965347	0.4361023209002609	0.535249841009021

0.6546059068984693	0.6597130212772591	0.607005903730409	0.6963131786832008	0.36617648096007527	0.6097198040199197	0.5772341776996067	0.48207293317651556	0.6573260889461552	0.5753002340640503	0.6603797533915654	0.42246186297853594	0.5504212546969034

0.6688048004975368	0.6246413206166395	0.5393832212983376	0.6849912200531649	0.26771002892273676	0.5818708706049716	0.47632722748083584	0.4555518979516109	0.6002305109239943	0.545372877051337	0.6418444909614807	0.4968012397891886	0.5582081007592987

0.6549220017284889	0.5838439238331758	0.5178483525437323	0.6384018883651121	0.2649126037684155	0.5636064679190467	0.4361423105978707	0.3852051162350696	0.6088747954616265	0.4643622274316438	0.6167367929052106	0.4202902383837188	0.4887154105695494

0.5452315974439187	0.5146606672634021	0.4135940371539927	0.6057638808311261	0.25135966375298135	0.570639009676492	0.36433367518776405	0.40855781346732223	0.5395514697241841	0.5066604635645652	0.5225653649101909	0.4811906037532899	0.5641654494962933

0.6115335666178618	0.570774855644872	0.6229757596659237	0.6659751815873751	0.30363749010157004	0.6396770785903915	0.5361948639534676	0.4658504723065698	0.7519716285732456	0.5452803480287116	0.587755149674726	0.4697350377628551	0.54302902074425

0.6940404248145327	0.6824655477945455	0.5120370002459922	0.7330151024868312	0.27484124112083624	0.54918126377422	0.4527688021098771	0.5429818080107995	0.6305524920328998	0.5721566617567106	0.7187262905821105	0.43674135946586756	0.5716860587591701

0.4861137972185445	0.5164019186644586	0.5593429961265118	0.5406734116563168	0.24758755410102223	0.5280973577710019	0.4361786284888557	0.3395713244555477	0.5877519681699575	0.4899119557055112	0.509874328661869	0.41368201317883035	0.5435597740623038

0.44028584883188127	0.5244440043794766	0.47351403746503096	0.5107934223160053	0.25292032463308745	0.5364723653907852	0.39739004826447466	0.2812036469611783	0.5173522096819116	0.4636453414862646	0.4358308870454085	0.46325451808245327	0.4941000637173915

0.49291209405478204	0.57532771155424	0.3748903487949191	0.5783000510113423	0.22388536239545204	0.5779557745375327	0.42036073301032606	0.30802779370236255	0.5308908526103939	0.47749794305317594	0.5041006277596372	0.4383868544721202	0.5443295690063874

0.4966061597970693	0.5305936050069704	0.5580327440344871	0.5430355542051121	0.27845683415320155	0.5715620792930676	0.4342163862904299	0.36517873036643006	0.6167946226423549	0.48622444425281564	0.48442406875772476	0.4870736550614505	0.5951386977077476

0.445149233449602	0.5048852328447314	0.6608618035962726	0.5310194672735684	0.23570374672245165	0.4954963946530919	0.4024157370303275	0.3168352579062992	0.5403421614387576	0.5898597659934248	0.45937423639493696	0.4229289385425036	0.5737248066436169

0.5231188600031076	0.5814116178171088	0.5955176029991189	0.5695324512789441	0.2581170313166142	0.6058454663494879	0.4725383507798734	0.33744920545882495	0.5809721720025798	0.5304440258076337	0.5087234128666291	0.5695950833570602	0.5570472409453032

0.40415059489464256	0.4800203553491343	0.4359340997589689	0.5041421190479307	0.2337228497629297	0.44987755587093803	0.33294465889815894	0.37617640525848084	0.5005043907156077	0.43577959522761034	0.41881940810436735	0.48364651578418383	0.5617752680972585

0.48696786427856775	0.5238640194258587	0.5372430300056513	0.5299761813426804	0.24725518620357495	0.5507730471805886	0.4308799699496628	0.3040336806894295	0.5528345277794443	0.5043892099978475	0.4930535095653287	0.43323740765225854	0.5416081113276405

0.5679330269698762	0.5574042309405266	0.6015523426083627	0.6504719320684744	0.25433152811414733	0.6286343913051325	0.4915036219743701	0.43383862004551677	0.6060953476209691	0.5357630059348633	0.5579025660917368	0.48039241844924296	0.5157645802538015

0.5757539071600943	0.5729615828743143	0.4401884220755502	0.6553255001496527	0.27388532602054866	0.5638609183641263	0.47863306443810294	0.45185683118882164	0.5431497540270599	0.5456545521984866	0.5906572791747591	0.41566267215187525	0.5031111448986862

0.0	0.0	0.0	0.0	0.0	0.0	0.0	0.0	0.0	0.0	0.0	0.0	0.0

0.5885070154831484	0.6471439932017087	0.5484355920670804	0.626593454105717	0.2726060429355082	0.586945039459721	0.4559454148720281	0.3979631072669211	0.601440398183416	0.5442656486487594	0.5722538525410457	0.5110296198728621	0.5656051970578381

0.5685271053486719	0.5986112932398707	0.5812088398061022	0.66150364723153	0.2855868959110537	0.5620736258207557	0.4430565323622449	0.4874603963904627	0.6548228962435899	0.5265698643880283	0.5671297097032801	0.45905205555229867	0.5659938725891239

0.5454410341154899	0.5700144574582133	0.5048352768272035	0.6277257781666208	0.3320762106087763	0.5805409613516872	0.4799668101355563	0.38491046800600515	0.5483927971482727	0.5059443537409679	0.5637790771431369	0.4598507741108203	0.6045613061647015

0.467402618961585	0.48212923206234914	0.5052650366461222	0.5962463676969556	0.26752326103772206	0.5068969574611933	0.39487564981438084	0.4568420444764202	0.5675439298987399	0.46214682009212127	0.5611308395261321	0.4503065213117228	0.6170513545013065

0.5008586142720335	0.5185419063307841	0.5624537901593915	0.5644088507501704	0.2929921844391808	0.5625662904622278	0.45975076511104507	0.4375243591139394	0.6573923473294716	0.4971651238201681	0.4815777194760024	0.49105984674542774	0.6134589046011814

0.3177902340312904	0.3972314902693267	0.4020511323877319	0.3894559575419898	0.23123233765663861	0.39160755226776195	0.2844598534397836	0.2402894734419463	0.4441170430556757	0.33872482691457956	0.3142639767516652	0.3823149224449972	0.4675177828860656

0.5482827813932968	0.5790237072640223	0.48965339301476557	0.6422917590940511	0.28428020966488443	0.5959202196058588	0.4402354790209199	0.42318137052804394	0.6317712642196984	0.5059447308579124	0.5519947003907697	0.4994286656750403	0.6297723666308791

0.3885209606798178	0.45984505751584526	0.4670662242314484	0.48195538302342233	0.23161107649404242	0.46500869639561837	0.35342496603196705	0.3530418528202417	0.5170934575358407	0.4299942896338335	0.4260356727288766	0.41547302714354595	0.5520567050028393

0.4185494917365433	0.5353286414600185	0.5018905300654085	0.5321589952463205	0.28844873648279207	0.4964566218531799	0.41175838003466125	0.3476399084547951	0.5489072071263058	0.4991886506066419	0.4654049434581032	0.489271328822784	0.5612424362918091

0.6988308786431051	0.6426416190735418	0.5153050333188667	0.7127846120662047	0.28222158528536145	0.7008711979063065	0.4898149818583508	0.4839429348250714	0.6463139657447741	0.6076787524403913	0.6651411164773536	0.47744484246089136	0.6767135335177454

0.53247822549355	0.5716196096061923	0.5630775685720003	0.5865552186027587	0.28543490767259216	0.5983160104947949	0.4923860400543293	0.4076509500007087	0.6042755963388965	0.5216532129384507	0.5496000257946088	0.439256559596231	0.5131769298968697

0.5374947409405011	0.5329970630255656	0.5881232504798684	0.593408201635734	0.3773297989148387	0.5443610080390389	0.5089407815136365	0.49526172546087316	0.646893004229738	0.5501138629007125	0.5161447004278921	0.3883499304303488	0.5680457200561875

0.5238088129727416	0.5227881665691305	0.6485609937603249	0.6274325321949059	0.3089752802848743	0.6060812490838962	0.5029277925451634	0.4054733650995463	0.6315227071591321	0.5062459645618016	0.5199454624655229	0.435853840259744	0.5607255872024515

0.5659386339732827	0.5883132504132131	0.6116205251597363	0.6902067292304461	0.27195692089354806	0.6053817444561596	0.48670238890500417	0.4288948745697521	0.6212913565869396	0.5351107607514818	0.5488495606213704	0.4426829179261895	0.5768857462202378

0.5363795638161966	0.5572870393060342	0.6463809058317886	0.6389474556078002	0.2569976556600176	0.559202595085615	0.4112328293496086	0.4238991603332246	0.5702860781499889	0.5039660280052283	0.5136494691716926	0.4139743699577315	0.5066005350644901

0.6357180852171724	0.636211939530716	0.6461806036176462	0.6394518328890226	0.2849349887174472	0.6101804841432028	0.5102544844335252	0.4202680920833891	0.6299607014927318	0.5294505698364897	0.6283077741848835	0.48350837596328533	0.5215364238127274

0.4422916823704379	0.4778909046059471	0.5582707612286117	0.5226100326797822	0.24450936056669786	0.5189685291740163	0.38602011229283295	0.3840408778870695	0.5795418311906357	0.48542099212443474	0.43124879456232945	0.4557001715909437	0.5017618448111274

0.3921147259396957	0.4455243819180229	0.5004391980572152	0.474829430091641	0.2402575423960767	0.4655219716933582	0.36363391042740956	0.3459533589795998	0.5130751513712503	0.4261704337080569	0.39545528444372563	0.4467397139792881	0.5786164061858408

0.4911204387010595	0.55025304526193	0.5457696183783767	0.6318228767864694	0.22633766674403194	0.5269525302320852	0.4234921436243745	0.37695779159726867	0.5371983058068741	0.5071941536687254	0.49460320450901984	0.3854268911514078	0.5536332237617498

0.44453709091880944	0.5636718341270943	0.6201293634750076	0.554330678412432	0.2677945990477679	0.5587554617493055	0.4001553449328452	0.34819411135017975	0.5548792029594178	0.5091757780414907	0.44639051848862077	0.4953200152907655	0.659748646941601

0.47624420858044864	0.5673879301386577	0.5233095463485933	0.7268195750407116	0.2583522537353258	0.47389158412842164	0.3744939169840764	0.4342188725255842	0.5246449674714172	0.5228905623674481	0.5732820330416226	0.4032113431894083	0.6145468840995438

0.38802080856830024	0.45774495795682923	0.43889126018987434	0.45272613830204955	0.24724118139616527	0.5137670025388855	0.34673351635348054	0.3619177646987128	0.49108983632977005	0.4661843904228491	0.3998561327965685	0.42219834964620917	0.43588371342206533

0.48520592513527905	0.5043808146483902	0.5365511606029774	0.522504962411939	0.3479795181931487	0.534798860293954	0.44104794362741484	0.3449187978468933	0.6001499927250921	0.5485512037103807	0.4970395748603429	0.4245091125815518	0.5472100673850178

