0.9771366340632681	0.3411093672008487	0.2249243137029595	0.6846370765857575	0.632791589188537	0.8089835310553006	0.35537939243444133	0.2918485770749265	0.6612939601050897	0.6985942939333016	0.35377204837584697	0.530782425673423

0.34055183076898965	1.0	0.7498172438128916	0.27084549835766986	0.3280570346011831	0.3504483540423855	0.29764277025510844	0.7467351529274477	0.2896817079797222	0.26710881109888246	0.3760928380019145	0.34067337459950187

0.27263260816533597	0.627502936645451	0.8110007189050379	0.3175039197518337	0.2740859481387246	0.2870406625161154	0.29343697484960074	0.6629694668064474	0.2899541371451274	0.3208248843219633	0.3317190651315695	0.2685645176411223

0.6793771557543538	0.25754379285264806	0.2269435154046367	1.0	0.6918860695330195	0.774269610932888	0.363751931781794	0.31151537255474065	0.7672285784318779	0.8138284859196084	0.28502599279744273	0.5518676800244844

0.6209608329619135	0.3657165269513233	0.263477527893492	0.6616499897547088	0.9764770470268506	0.7031374393492389	0.40268867877305575	0.3836878643835968	0.6853523240895659	0.7147954272004189	0.4480663901090295	0.5300291105055737

0.8021189461169507	0.3530282305004508	0.230457863585084	0.7717175186842942	0.7347047560950418	0.9675960210999599	0.42893476124751395	0.32003491781060917	0.7737997127286627	0.818415442195747	0.3197233733667872	0.6198001553778565

0.3351134984744698	0.30216793846778095	0.24803029882678035	0.36288533988749133	0.34921757930503067	0.4046267393183377	0.928712255768116	0.3609446248000242	0.45931742200771297	0.4507733678812833	0.417831500318224	0.3375463250282269

0.5567764675563253	0.6152351396643034	0.6781851679906921	0.6442331610230689	0.5859456696396885	0.6511809240672762	0.38088464745674994	0.84673052028355	0.6654399652411553	0.7027063275922352	0.3630221679170068	0.4879776925037944

0.6484121503727491	0.2858565787457167	0.24366352762706622	0.7614710701253937	0.6888659819464126	0.7694335071333513	0.4647922413682368	0.40002372798977226	0.9472115861390107	0.8006912421069177	0.43513041073756065	0.5663782812620342

0.626280978815587	0.2568637432167472	0.2892051436805118	0.7466393154568931	0.6753994365398387	0.7491644686058059	0.4482487479075972	0.4024286815163658	0.771805372273733	0.8812135491077638	0.4282037057793434	0.5874054250498425

0.3447014564748686	0.36985151338667116	0.2780980590064234	0.3206986404920814	0.3603960627274487	0.30315758491206407	0.43417609365838283	0.3510335556006272	0.41136256111315345	0.415712969248425	0.9260991919580221	0.5568258200522392

0.5229917211755168	0.3535484053723413	0.2215119891072022	0.5420895835337789	0.5502372136387286	0.6467351504405349	0.4437523547399296	0.25580085597963487	0.5493081545119075	0.5890510904140706	0.5282873372244893	0.9442031755457954

