0.5887388565516587	0.6562849233185627	0.49851275780209914	0.5498679597821423	0.55619728835303	0.5510085971486464	0.5757406028892533	0.5199787260894959	0.5635438477072667	0.5637428502686631	0.44075243963350896	0.5187767541893027	0.6080562643721841	0.5927873979027146	0.6336299144459373	0.5770147735242798	0.53031495214677	0.6108715564048498	0.5182308653765267	0.6447265229675991	0.46798796309242535	0.5326679616957317	0.31769079538627903	0.5290556871223797	0.4653333080432017	0.5552086449745668	0.5871566972018619	0.518642594831171	0.48448894091901284	0.5932565127759285	0.5122293237221842

0.5972639387684702	0.5764403623893894	0.4966705140341631	0.5745938894493707	0.49116263604635735	0.5679270857511602	0.46185077767236804	0.5583924129911501	0.5363197109052227	0.6106669847843523	0.5282386349385096	0.549300455167451	0.5628574977559091	0.570684592711486	0.5684582531019402	0.5476845145583646	0.4878737889223792	0.58941834375618	0.4951479351149547	0.5238638098772614	0.47832129061652057	0.5021850411488127	0.3496974645139683	0.48163297673429295	0.3965478775471197	0.5290348484838889	0.6202560271017746	0.4258209980250859	0.40599189157248294	0.5254432495985129	0.512229619708992

0.6482293582565304	0.6703567595224482	0.4983895137949125	0.5867110752582985	0.5399612127808537	0.6046267631819318	0.4927928196299302	0.605958058492984	0.5757946452058023	0.5954674746203658	0.4851667133000197	0.5668979678513881	0.6470654171011645	0.6500323006162404	0.5793718060900457	0.5998536161520818	0.494080840165772	0.6225926058620483	0.5331295013241322	0.6613883922658098	0.5285357685321281	0.5355984843713367	0.36750788786126737	0.49001464303566555	0.423696211794366	0.5709438677027832	0.652260913049322	0.4644421806390846	0.444433210992337	0.5383924249581401	0.5511789661736648

0.682435684354907	0.5747482713288512	0.5117155473886963	0.6504849819814083	0.48415166592463266	0.6135106497592544	0.5288038589062198	0.6756812025080852	0.5516559464861606	0.7807305626320269	0.49379425882696243	0.6550425948239631	0.6085405587716609	0.7854199513074364	0.7109566241443188	0.6240002137764091	0.5866866625634952	0.6842847114729479	0.5160156897618373	0.5806398734663817	0.5848295283871414	0.5154217701207611	0.470934132686924	0.5704488531480422	0.3952614893435939	0.5017106378459515	0.6853373269193608	0.4531516962547738	0.5157961932553371	0.6053044559718177	0.6105312190302625

0.6000147441462527	0.6359902127211172	0.432317946656274	0.634738246530653	0.5992185098036391	0.6391572623066037	0.5129766363498589	0.5422024062989972	0.5495028578737289	0.5559706185261597	0.5321699438416504	0.5141757846479015	0.5788848430078068	0.5756347658330179	0.6291782673217691	0.6027176937890346	0.5218336575855533	0.7353828189755136	0.5777158539355296	0.5713772094637957	0.5457425098523729	0.5504233833025574	0.3695666660744604	0.43862332018701256	0.4640411324006765	0.564560303980995	0.629457194153134	0.4245484112512377	0.4119908086097689	0.45113825570164323	0.4637586860655153

0.6443579338589347	0.7122711690785606	0.6051228655698901	0.6877518181823579	0.6640222717986595	0.6963090706635805	0.5627527611033275	0.6015690835552652	0.6365246500696458	0.5932283266501124	0.5446305309928976	0.5645513793547082	0.6545953213838731	0.6118477121178488	0.698686838820946	0.6196711455691535	0.6501781077289742	0.6579483290822308	0.5989247746745264	0.6746955136819572	0.5272662695921574	0.7166697311882259	0.37203298011064767	0.5525963164077887	0.5232330925292092	0.6605407033205486	0.6630402605471986	0.5164176933587654	0.5585039928154106	0.5887373475856228	0.6111230614709864

0.495243387885605	0.505123289267636	0.5034722702822698	0.5209696264603484	0.46672640837887613	0.503270840484981	0.4987772535529628	0.49877596469732755	0.5137264556002196	0.5607440019310472	0.3837501932420916	0.4737279113151986	0.4391114879087094	0.5375157106289383	0.5872293999992183	0.4663005248978246	0.502213314281433	0.5293942413448585	0.4640519266921598	0.5404912227269946	0.43392606768086206	0.579373012649819	0.2873988409396337	0.5223775003067161	0.3894540244868024	0.4815174961897795	0.517272261692587	0.45822728452191613	0.4004297417041268	0.510590110813796	0.4926715570041248

0.6496312567203335	0.6436282767982683	0.6041649540044665	0.6561443019988709	0.6219856260391865	0.6839191695080553	0.5511817685282216	0.5991262085644323	0.6175271455540862	0.5434727309384669	0.5528312982970297	0.5365227055526277	0.7202708944354809	0.5843185396382419	0.66417442869721	0.6116554611743878	0.6019986584287025	0.7048947268053372	0.5802298751851078	0.6473107064057523	0.6138348739993398	0.735479200617553	0.3837196777896602	0.5166663288554325	0.5051216097105744	0.5700700805998896	0.6428674670026602	0.5852650313399035	0.5065936795069026	0.5919571519929274	0.5911460874440468

0.606268053656344	0.6030682853159492	0.5178382011500973	0.5938006202130308	0.5337056930344697	0.6064674031587531	0.5306971094714016	0.5475582331244251	0.5989850897918239	0.5244097150207917	0.51184466955198	0.462726054538784	0.61867011009405	0.5162131639957311	0.605463361186643	0.5673039683346701	0.4992902973179951	0.6067160405715396	0.5123461910190459	0.5666032945619652	0.518249254162796	0.5509867727612486	0.3289322592102507	0.4998642813797076	0.4838810044183907	0.5412962070810484	0.6203979691830686	0.5278892358891825	0.45225662845662257	0.5550443534240913	0.5613790146563328

0.7157812092127036	0.7378079069389818	0.462900359149177	0.6873959575269504	0.6556154934744428	0.7359998704606348	0.6063894631558995	0.5123574976768704	0.674650209843916	0.5266002664005912	0.6397968660590483	0.4534820787411536	0.7137891636027269	0.4898010633473217	0.5834905265173636	0.6956673026571056	0.5724938128373394	0.7329478816292014	0.6656133181695828	0.5532875895530764	0.6219636885589928	0.6323083830959982	0.30904704031874053	0.48269856630355285	0.5850363968294297	0.7062711212085031	0.6671525780266022	0.5461508167281403	0.45155263659695244	0.5404126657309665	0.578066124437465

0.765845191333816	0.6416927050022654	0.5967781828039482	0.6451912110630078	0.5704038725907956	0.6628337153774504	0.576272949772266	0.6641348487686527	0.6234121402126321	0.7560919370887711	0.5752350021111321	0.691573526672494	0.6396292129923127	0.7021660204033371	0.6900999776330873	0.6299193780986189	0.5970386586636732	0.6885827193542229	0.5528571812295583	0.6288275550797011	0.5801392111575806	0.6099477691911391	0.48978488101124035	0.6100325758870598	0.4507966554432411	0.504624053596067	0.715219768830159	0.5069164130780729	0.535830317277032	0.7007227452231205	0.6365248306549081

0.6285485425090003	0.6444462345313013	0.4827747738896978	0.5750492751030869	0.5788117544836573	0.6087667660716313	0.5232181557652755	0.5030610356104712	0.6536546336035323	0.39195594082891017	0.5452525052647064	0.40634017011839574	0.6264326935579382	0.4739658638839518	0.5097292580212568	0.5972506202421317	0.509938056077043	0.5778972849663837	0.5391880081899496	0.5012573851209667	0.6423083534333528	0.5660977259365272	0.32480840144329076	0.506691926691737	0.4931586296142769	0.5920552184236061	0.6033816766834773	0.6178780682318744	0.440043236651638	0.5573383488403734	0.5267932320351661

0.5922989941311692	0.5674831170947522	0.48851304721711364	0.5964695473012603	0.5217379689072056	0.521898827222582	0.4823029704066473	0.551229721160452	0.511934706477349	0.5393070281178681	0.44945702622164796	0.4982703293459906	0.5516016422133483	0.5568538252268024	0.616177264958764	0.5718180495776404	0.47324858287548605	0.6386683357095793	0.46542487670476296	0.5780622586736701	0.5606006197666789	0.5556715472560882	0.34180774615562315	0.47915968657173125	0.4316618188710619	0.480894119046668	0.565542146976301	0.4344427782612814	0.45207451166834617	0.5400686188046593	0.5261795702027268

0.4281007784368123	0.41256262826509627	0.390440828441428	0.4136378127744629	0.41846652550501884	0.3994438274288463	0.3524352211238664	0.44679703246859687	0.40016364935072335	0.31514685184366076	0.3965845277128408	0.3392027844798621	0.4299512302177908	0.45488015206484506	0.38733434841570774	0.5043802987357747	0.3575671663160703	0.423405496836768	0.35962889743007964	0.4058849289686033	0.4540593741817393	0.35591748298504794	0.2665630923765451	0.3661289381600569	0.3580450355249948	0.45768641733100235	0.4994317269474756	0.4165710848548928	0.3405231611710331	0.3909864525181874	0.3678272126064852

0.4330048675517918	0.501672415646479	0.43429569521994316	0.4403706605948562	0.4252793827760418	0.46094443257800005	0.4658552019554214	0.4948786090477671	0.44528931385769455	0.3789626115827077	0.3859909728925011	0.28399274864240986	0.5094585964667333	0.4219956073885305	0.43868161006754586	0.4542103548442291	0.3949460726683589	0.4825641012821844	0.4196308361862968	0.480553631002946	0.43978720207134736	0.49978821437817256	0.2101055488274574	0.40916026343557355	0.4109571703758064	0.431267111230837	0.49415175868365524	0.5079228906866513	0.36864833122757323	0.4862009199159831	0.4248363148288865

0.6272424399335697	0.591859943541428	0.5476221158675744	0.5722204856978854	0.562637220421058	0.5843334910472955	0.5207430584211685	0.6297703004237719	0.5833655844931765	0.6935048540313888	0.5029092608653434	0.5930794223248403	0.6084927636905939	0.6050273838065388	0.6177374381808369	0.6016984765451677	0.5276127488688671	0.6543998446853347	0.5664443287720071	0.6216364600605493	0.5193484528641995	0.5930485360565423	0.39610816463290766	0.5773449834855418	0.5069996331306174	0.5498150870278502	0.6117466333618947	0.546267846666724	0.5015550537349598	0.5935321250696238	0.556752323636101

0.6217547474743547	0.5653919909985705	0.47950167434013286	0.5720347308752627	0.4910172921990824	0.6045614595430796	0.5123772088164947	0.6056249938547061	0.5552499001953497	0.6997415443137058	0.48542049189134456	0.5637875512370316	0.565772342656325	0.6238303901025302	0.6028198709274786	0.6181784492335247	0.5052404541309155	0.6207883971310141	0.49515506204556836	0.5443091988942678	0.5443020201550754	0.4982818317024008	0.4153856522431591	0.5326230773454819	0.409455685063691	0.5315217066909873	0.6381988997258228	0.5627324327082993	0.4229342098944109	0.5650021017905925	0.5532642648534503

0.38722649223906835	0.4229331600642848	0.4142270245057321	0.3786775060044635	0.36604713072737777	0.37999279145535064	0.41006930619130955	0.3969875803677866	0.42077371071505043	0.3241413849271039	0.3218976253258328	0.2784517997072611	0.4217417116533435	0.35033798847822534	0.40614408753693104	0.4096270106087656	0.35553779915944916	0.4187486686873838	0.3643486982313263	0.40980758505950954	0.4141819994015543	0.4185222838460805	0.20489055428807826	0.3611327401296419	0.36320513251685305	0.39883430263223235	0.4097359626387791	0.3913412049801369	0.3093912489814359	0.3877605811611321	0.4228083714717349

0.4925543700725742	0.45665109699911666	0.42438888281727905	0.4479951193672126	0.41503563517762543	0.4708094182430894	0.48383515360517443	0.4854157735930191	0.4173077580211316	0.5579870550136652	0.3798247587771533	0.48339026712210975	0.4351504250649991	0.5126247922113067	0.4773050408574095	0.4354623919928229	0.46495601039046314	0.4891322815864548	0.36650498909923973	0.4439011791707993	0.3918204029233119	0.4769920257585294	0.2789307281881683	0.480108081994719	0.36167301540148944	0.4061539749883677	0.5624034391205996	0.4720411943499837	0.36687124557884787	0.5024257931487431	0.46486720638485834

0.48417939776245567	0.4655532329072404	0.4286999481970316	0.4422334338150452	0.4375489018700781	0.46945191750032955	0.4832740135754462	0.5463786347444967	0.41881361952334123	0.562930256307651	0.3890117892290078	0.46590315423006046	0.5187431060582856	0.49153743440594544	0.4944780285921875	0.44220528786593166	0.46432826820788936	0.5126123283762027	0.4309839762961475	0.5167363680856013	0.39061935546949667	0.4665169208776249	0.2629185128812841	0.4725869713329727	0.4155858939583768	0.43815207782064713	0.5042811106724321	0.4713644511050388	0.40450237709404	0.493082068668113	0.4913305920853026

0.5173968006467357	0.4870323907453384	0.4101538925159311	0.43435978590974933	0.36855971135369037	0.40129333228396435	0.3367033439680077	0.48943922176633936	0.3651184757615057	0.5369110395666882	0.35824824303391556	0.5337971444182597	0.5389483687542945	0.5443896381491029	0.5054263679589568	0.4351418988488623	0.4094451351224839	0.5236735001663301	0.36479719966683305	0.5630695371601946	0.39136629415102697	0.42735706385055067	0.3216161593150853	0.43386115167592465	0.33130503149176715	0.41633109925134715	0.5819120605986062	0.36548298911257904	0.36775362511894927	0.4390233923522002	0.4599488205862853

0.4632205695082615	0.5093268663382948	0.4070745202094843	0.3843328777264407	0.3990839519854005	0.42935381488019553	0.34271513350437566	0.40991066644906715	0.40413966544954927	0.4096665268035369	0.353648427235118	0.33060018504255073	0.5553691885552272	0.43828426073371507	0.37739532320264174	0.43053973899539616	0.3560503380308447	0.459613989110689	0.39775745077459645	0.47924674547470286	0.4141418961608829	0.35323321666798857	0.24757533686127275	0.3518409689062584	0.3691931650159873	0.4630012352170481	0.44503058868953604	0.4032632925292732	0.3387361026259505	0.380909060723945	0.4117555268448554

0.5808052390827156	0.6085119172284679	0.5092124205060707	0.5671668818884672	0.5277613925903999	0.5449130083597497	0.5712397720022047	0.5846864601571353	0.5187602537583993	0.5712880609873463	0.4575433572671309	0.5429084862996293	0.6241406953167579	0.5683822187992621	0.6084295163110202	0.6013029876374272	0.5551521103512577	0.6354294138878545	0.5089531532288598	0.6393685566523186	0.5367708113943025	0.5303015010279061	0.34601131457302076	0.6203209642154333	0.4549638402085432	0.5546572941942747	0.5782590606874425	0.5510122184050158	0.4529705198072915	0.5872159214316194	0.5211974905012664

0.45592713992052813	0.4765198868438115	0.43687591949739596	0.4280234887740684	0.41194801397117353	0.4430917564428705	0.38497302216457585	0.4776391552333692	0.4115660643653576	0.5559066799299542	0.34171402472864154	0.46848809741317154	0.48606136106032927	0.48084847365191696	0.5339753142027225	0.42198328399846696	0.3928066545703631	0.5187602665641065	0.3968819525586413	0.5428772622621055	0.3961391195460603	0.43671757918029064	0.2684789918934545	0.45122837113791947	0.34124032651713787	0.3857541737139294	0.49489213451249603	0.42164992933544604	0.32512091945982335	0.44320295562376977	0.4321268829312579

0.4579185132286593	0.4649309870816365	0.46219093753532103	0.4446115131031077	0.391964936065172	0.44596041525734276	0.436000383404059	0.5265694802849797	0.4003534385745867	0.5655540443406342	0.3414348995639048	0.4683777586009956	0.5196271667910546	0.5284398041397618	0.5203777721538836	0.43969976497452246	0.4064543945197557	0.5181167120629068	0.3813680173938232	0.586280774895012	0.40553877723252174	0.4595257365727303	0.2739627366711412	0.46306197768137763	0.4035691036449311	0.41722527244172014	0.5254220107623502	0.3950406997106092	0.3636154106622971	0.48591763510366726	0.438249043488131

0.684543198408571	0.7368011869413872	0.5511055444494445	0.6462696964285974	0.5436992014188411	0.6217379666589686	0.5621903295387669	0.6400496461539205	0.6634050434886822	0.6920517654110735	0.5180304301189369	0.6193300607562598	0.6798510462133999	0.6774091423765165	0.6343264726970832	0.6517274753692714	0.5530905548426208	0.6815819073812546	0.6514020388893931	0.6522595516041156	0.532159039913237	0.5609759668458097	0.42203077834801983	0.5721822615034418	0.47210959095308985	0.6512827806632342	0.7064146460640126	0.47160427226860513	0.5000073804390007	0.595749754611018	0.581815872336533

0.4644667131989595	0.5823978148698081	0.5135056211841517	0.4830805337295309	0.4966959178300726	0.500319990315253	0.4987696122517023	0.5367671884823736	0.6048760313990585	0.390483657008338	0.4220849023840403	0.34061126702969824	0.5118011636117729	0.41356779414068146	0.5128758351928836	0.48668449678067727	0.4752161782738785	0.5236593684969554	0.5261243259337818	0.4848660576296755	0.49341464284318504	0.5293756737295396	0.2736766687170086	0.5251877020962515	0.4744515856169663	0.5715921370607013	0.5314665873954423	0.5443246546482938	0.4164564126250202	0.5393275622145904	0.48960428222136954

0.4156706400140493	0.4674473108089768	0.4351149423224032	0.4125383281258229	0.44350258918851226	0.4527233798216287	0.5388763143242488	0.3913448711471373	0.4463953609234015	0.31817055121023474	0.38512058392080084	0.25871067062707226	0.5163115612239374	0.3306186320400357	0.42030294328926787	0.4243822330136605	0.42885476031926006	0.4657790308272265	0.4241841204148655	0.47795634058920855	0.41531701487126726	0.4646689342588345	0.17916517088288175	0.4727356218238551	0.45960703123469276	0.4369463966805536	0.4334809172254849	0.5373692032653479	0.3838939544472748	0.4684527039258959	0.41257744981784594

0.567406645337618	0.5785760986422297	0.4865702489853177	0.5655661985083276	0.531767415061014	0.5634557244657892	0.5512717210959595	0.5778462891035188	0.5354524997481328	0.5530007363208828	0.4343147707461423	0.4736248558432521	0.6113195082415048	0.4927857742623092	0.6063251048786681	0.534003308487301	0.5588253649915809	0.6306622507899788	0.47327002694543324	0.6186736560033517	0.5337245127132859	0.533542893765352	0.3371304528983452	0.5665327490534059	0.45994513196823594	0.5677013508477035	0.6420375450799641	0.5870993958485557	0.4385440289846142	0.5681488961442825	0.5292909177523006

0.6184887530197727	0.5826639630771606	0.5176600310080421	0.5624230451441039	0.4859071375466878	0.5693269607444891	0.4511901180961848	0.5933644117750534	0.5019030905312767	0.6305178627321871	0.4853197757452573	0.6285483637030035	0.627111391581441	0.6391408574338466	0.5845202148938651	0.5498514940124432	0.4876014299671346	0.6380270310052414	0.5558376734459379	0.6090261443082128	0.5026832595811099	0.5128818861113311	0.4132971857373656	0.5328982126503145	0.41632289574887327	0.48927173252934625	0.627622489681815	0.4466638354802605	0.42725919873520235	0.5520876882687582	0.5560774742564363

0.6771399523974475	0.6379268562840732	0.5601612121646897	0.6508731683218566	0.5922347582747713	0.6444030610694742	0.5670159108587607	0.6336307858336632	0.5879700379606133	0.6904759089809372	0.5648117326186174	0.7494481305965794	0.6252879705862531	0.6648183989627131	0.6574468673940166	0.6414519958434844	0.565115663674965	0.6813463021917727	0.5386070765820711	0.6133619702646906	0.5803379851765675	0.5371117483312975	0.46289495346767295	0.6122739105542067	0.4192285898385383	0.5321443619306525	0.746897716282385	0.4852753207242436	0.4864530332416168	0.6345569629897313	0.6114078376180171

0.5279923351137003	0.5499848744207294	0.5431366186194413	0.5572368481947899	0.5275360748709164	0.5710652699147097	0.5768638789913916	0.539453908774511	0.5345391210111856	0.5978669058851688	0.4384389178767862	0.499532530884168	0.5908527684481588	0.5113515893224122	0.6190361634913812	0.5267191945420199	0.5473526066011064	0.6071052438486013	0.5195743757179335	0.652188430336884	0.4919001145318228	0.5994760020150834	0.3174226862099202	0.5898567230165055	0.4714855565318418	0.4559771573341729	0.6019405061554395	0.585325745853521	0.478812064673529	0.6229962985943323	0.5546123690940592

0.5451247263658665	0.6075313283455406	0.5486394264567546	0.4909229270604011	0.4747012717784893	0.5294170525719283	0.43667400998719763	0.503497863159218	0.5032623192703584	0.5382101928203762	0.41788230569821727	0.5207667400548557	0.6123862074392958	0.5408816733112616	0.5262279506549474	0.4901753548762665	0.4410490378053631	0.5884062729630153	0.5531643735837882	0.6105382063495854	0.4397949857219432	0.5202785537420276	0.32834490762463653	0.46027989216909015	0.47046894615297613	0.5445334310858506	0.6360615789813419	0.41452394478600574	0.4145430784815899	0.4829837070508902	0.5310255021043594

0.4009140124332098	0.44205652037106985	0.36672184036263045	0.3644865306405884	0.3595189818990256	0.40135656628854066	0.29305856882524584	0.4171436003411766	0.3418044450960207	0.33144306906066434	0.30367436127375247	0.31698309726112495	0.4650969972579282	0.37853367131348575	0.3476506458997528	0.3781404609984145	0.3248978159260758	0.4153559274716384	0.3830571478268999	0.4324289615121324	0.3839247557629102	0.35409770531819923	0.25726770663486676	0.3409451497517094	0.31775292046844983	0.3865900744143059	0.4141102005916643	0.36883916179227966	0.3359705386531456	0.3774143299870174	0.3629910401161357

0.5927040892786551	0.5436894968931385	0.5471573413928575	0.6009162377261826	0.4794658392264489	0.5265410206857403	0.532153771462514	0.5436426615561065	0.5080185181200283	0.6296779615925927	0.464764790483467	0.55631927179781	0.6182127687049617	0.5425280926795385	0.6162623802044487	0.5647482588048256	0.49251243156532587	0.6461538626920151	0.4927132551150814	0.625774203074285	0.5058008081160625	0.5561820987258097	0.33708497914756463	0.569385968277939	0.45425643630111534	0.4695957139155462	0.5712796852714948	0.49293533483699226	0.4190145380285212	0.5421933174424273	0.5254075052429659

0.5246962265999602	0.5787007532607319	0.5192923903481896	0.540531876377546	0.5364442837339805	0.5249717082976729	0.46934796218054453	0.5480434082756145	0.4907296052709039	0.6223424208672815	0.42269952412651346	0.53617225834338	0.5835760538483641	0.5481312137830011	0.6489975552240347	0.5044921149530148	0.48008685498616516	0.601089413102712	0.4575491920034591	0.620836688562459	0.5398002028532369	0.5072294237529674	0.3540889526823171	0.5227471896960063	0.45515774132053444	0.49086531301729075	0.57217693670525	0.5129501155938144	0.4020524120460848	0.5262836067498813	0.5012161361812606

0.3485159638485735	0.3803755537090042	0.35642580698808446	0.3515736893768755	0.3801531197728027	0.3897549892702457	0.454545709313937	0.35976942828991954	0.41116923236256886	0.28428552572862564	0.3107762668230749	0.2603859728909662	0.35538891608590084	0.30510521051326933	0.3748203988987047	0.37776618911105153	0.36578580213325224	0.36645391438949426	0.3420804464552475	0.33211918742611823	0.3445398206367569	0.40690055395949165	0.1568878242226609	0.4213529906487432	0.32301529659500794	0.3430517412811087	0.3818717722640659	0.4437253806201538	0.3141391294161296	0.4271752789519789	0.3761021394168619

0.6758030734894125	0.7733886178747544	0.4696080884308027	0.6821401456708525	0.5934040181307734	0.6777523669820308	0.5655316068346665	0.5148529294618367	0.7306539015942906	0.4979312544910904	0.5869900889687651	0.46428425195730416	0.6361530472102249	0.5024160886519823	0.6383724900663601	0.6362716723657953	0.531640602447719	0.7274677183793961	0.6607343872171267	0.5875149764521619	0.6186177349526885	0.5908067464420392	0.31803667048042505	0.48438934419119695	0.5169065151864439	0.6934395364158343	0.6132000445797847	0.5204751325476542	0.4565355626100854	0.5447447558212124	0.5649692892066137

0.6402876688634611	0.6769599903168435	0.5328245596752985	0.6281500028906544	0.6238999001361625	0.7097364151040307	0.5917946955982267	0.5442386502120302	0.6957714821074554	0.5039044667016104	0.5795849663814583	0.47787547717430334	0.6843411497159573	0.507038195265614	0.6030666779264504	0.6077415243368867	0.5469916285766449	0.6882004260878463	0.6451860384953514	0.5816355259281478	0.5703281613318721	0.6140955785358797	0.33051070027878776	0.5296135761263299	0.5403493973917788	0.6351539627095859	0.63897020581548	0.5527083177770802	0.4599966045191564	0.5524845916264485	0.5987207804105275

0.660748542322737	0.7455105449310536	0.506215283149921	0.6852363623596196	0.6619420591856866	0.6894129403683913	0.524280800284119	0.5331640673957109	0.6033876892499213	0.5358549503407328	0.5679242298243534	0.46970287359870444	0.7707507033749637	0.5060006413941893	0.5620899070284071	0.6363878756762669	0.4961023435064674	0.691727167629163	0.6282740533979436	0.6980632533298076	0.5551708900573517	0.5561442070002705	0.3227159129925815	0.5061794057200859	0.5464488818914642	0.6507270445886271	0.6238225632220084	0.5124725249923066	0.49128567655678274	0.5200670234305284	0.5420674072732254

0.6406218657385763	0.7548809825275411	0.4933546913049029	0.6271456151631749	0.6300735841637277	0.6324614506372913	0.5416087518751498	0.48141271695992405	0.648394381315108	0.409251595538336	0.5824717897966996	0.3944919544605778	0.7263705213967272	0.4437660144497202	0.48423250743793456	0.6237408186677179	0.5154263630848636	0.6422942016840615	0.6183885573034009	0.5310766039826605	0.5924815205399852	0.6156985031465877	0.29120607099202056	0.4493982338902478	0.5529699993138997	0.6869510537513964	0.5623764489167924	0.5840752582560007	0.41876148796720025	0.5113293136883134	0.5283036425359877

0.6207460904336893	0.6385861809988311	0.44224572886409264	0.6005138870331259	0.5802798449001758	0.6325767132259903	0.5502045658365009	0.40659416940923726	0.5947223536434265	0.359832249208279	0.5786777879911957	0.2923549421398185	0.6060512399817859	0.31472990630385833	0.4401560284817717	0.613389726951155	0.49780343121422665	0.5998936050038519	0.5834112057435334	0.447602559689121	0.5532510476285786	0.6126192183432827	0.21409029306045457	0.40264700513450374	0.5307216992243591	0.6109103318375095	0.5299664207002339	0.4882839203254761	0.3974345268539333	0.4613937999694278	0.4947523657638956

0.6306467626697847	0.7209938077441833	0.4952908659694706	0.6345452540595726	0.6483641495076606	0.6413503198497034	0.5578794706929632	0.4836538534797946	0.614516049021727	0.3360672409544745	0.5935004106765838	0.4355946242758991	0.7114487183454892	0.4816007201346325	0.4819892785284501	0.64218690512006	0.5334241317416006	0.6600439386505006	0.5996328428277748	0.5549506476881576	0.5762875958030773	0.6410686518889523	0.2692410849097532	0.4439612306477504	0.5601874361728304	0.6423333735416573	0.5597350727137704	0.5439498168229082	0.42686812382274875	0.5060390473542418	0.5377828621922472

0.6600191914830154	0.7103666268747807	0.5243733514364843	0.6338251148930489	0.5785869607432562	0.6674631087011382	0.58607823648131	0.5518496179572079	0.6906115450824171	0.5760425805824052	0.5755126523709339	0.6024202266184352	0.6545981805597814	0.525852235286998	0.6252786818907492	0.6350726260657096	0.5474597733214734	0.6745124606363411	0.6611540326494065	0.588835801044524	0.6023694550266984	0.6139904956022371	0.3984112982756387	0.5191517760830577	0.5497161654840775	0.6983104172733761	0.6354123731571057	0.588918472337957	0.48235230017619735	0.5717274899844438	0.5945386437314544

0.6993352055404363	0.7269814487547965	0.5276131227091062	0.6773582413907699	0.6639830103930096	0.7376312872049753	0.6298934140284926	0.5604708565575607	0.6908932787882491	0.5497132101995207	0.6230261101930593	0.4705382788855309	0.7001334373562206	0.5068360466810157	0.6156523171187289	0.6630586128995469	0.5628883856986356	0.7029130958222899	0.6326264235148824	0.5853595098689045	0.6027498011742536	0.6466071596350685	0.33378625519661165	0.575640503382549	0.5754176992262676	0.6559484035962989	0.6612415470218678	0.5798926552872834	0.48250262549706197	0.5833024286883943	0.59311188630171

0.6283726513997054	0.6568183594571149	0.46563468266047026	0.5526424733121869	0.5406269490931505	0.6032515472995688	0.5201042632737243	0.47776448756178475	0.5643382725368056	0.4457240135451218	0.5700444970853118	0.3862143247090143	0.6952302072237551	0.513274062161259	0.4801853051972266	0.5966478560563737	0.49083860694072107	0.6191993305208049	0.5556757201610623	0.5553253518490123	0.48690911762812583	0.5660466151572573	0.2607435417042684	0.4693190920337356	0.5337567724921071	0.5947758331341673	0.5555374184069402	0.5234405669239736	0.44470794565572763	0.530202257787075	0.5061400281204503

0.6352560526848825	0.7132065004754835	0.5374913961483552	0.5700069942223975	0.5954869036857637	0.6532237421467733	0.5869451700974271	0.4685281520084872	0.639570270318218	0.3351181272246544	0.6072316295988185	0.42610236932485324	0.6957995026449173	0.41154612831125104	0.4756232092554588	0.6179620533247123	0.49113764862412834	0.6100795721531757	0.5580377287553956	0.5681107505331868	0.5680328189507546	0.5926256157210403	0.26446803572850053	0.46264214876921833	0.5365865908364332	0.6326336938311643	0.5824538273713926	0.5377346677746042	0.43501379451112354	0.5560072910782163	0.5191988086220038

0.641368330630238	0.724146384449809	0.5280961516595193	0.6041682115764124	0.6532417177099401	0.6670538942166777	0.6219396542696796	0.4921683455355834	0.603443804505978	0.6168159516981793	0.5658506191398979	0.49371269963861275	0.6915929990984977	0.4636831536913938	0.5871080577145984	0.6067937959078034	0.7027552505360799	0.62757540045471	0.5944358250676709	0.5357521585889725	0.524608611875202	0.6252963948911291	0.3164011915523963	0.5184319815255604	0.6264745248198598	0.7588110234270727	0.5973803938595863	0.5516155749707501	0.47777886952729764	0.5413716075933297	0.5124759051251664

0.626707276458147	0.6828828468659278	0.5146394027088066	0.6097916053270861	0.6006395360640956	0.6628200805756115	0.550070321068592	0.5926916602935167	0.6187256850617217	0.4957741899452647	0.5460192222534501	0.479550896750057	0.6507030225932066	0.5263386710414815	0.6051696355355072	0.6045974331537731	0.5334343552795329	0.6422125958888794	0.5843617598917932	0.5838151725571745	0.5260912580301924	0.5841183406006503	0.34197536495552777	0.5797405792507075	0.5396064636011279	0.6604229246352635	0.6091179268493041	0.5770479355678222	0.4580722706203926	0.5667367930297027	0.5600617507244976

0.6177679914651186	0.636438664910562	0.46604613737000106	0.5631285593714894	0.556177432023123	0.6388123142254316	0.4922738170296177	0.5531425944215582	0.5718568328703345	0.5223641665918388	0.5298444520940118	0.45409480337971614	0.6576451671395429	0.5356049712920263	0.5613503049954703	0.5963169490371772	0.47183934014049905	0.6297464920256505	0.565456239299627	0.596931076889361	0.5423807503682252	0.5283700077599324	0.3091433184383866	0.45125631750945505	0.4943048081018361	0.6054054284988146	0.5746819648721274	0.4718054482306716	0.42116447850304	0.5064784097580151	0.5665602961961349

0.5636053318998802	0.6580725323076174	0.49086083948258236	0.5051166843256586	0.5557296407358859	0.5812873401559656	0.5173393084560116	0.42206506561685864	0.5804688136596612	0.31951742191305704	0.5333097036150583	0.3370657401242579	0.6924153419889483	0.4076372066725982	0.43737419167376906	0.5286525443593291	0.46246588701928115	0.5693543270387469	0.5578682412738609	0.5775543818307192	0.5031473609037261	0.5558156700153225	0.2533864166754515	0.41437019649082785	0.5392905192849189	0.62194863445318	0.5161723965593793	0.49983578383835814	0.4185081027942281	0.4623476675436746	0.47139574243086824

0.3564445350789491	0.35885409778634936	0.25561762090598705	0.33174454598197073	0.3150258746207388	0.4022819232540655	0.2827803012578115	0.26171241405586926	0.3055336724644092	0.3887795403495311	0.285415023329985	0.30084815160043266	0.3430595319234241	0.288964212945383	0.34374971958062656	0.3454546145965137	0.27130768072932343	0.36803993648466476	0.31161976412470754	0.30747393142951335	0.27547346263378825	0.30189994939906434	0.1441907181199483	0.25809045746578907	0.24778702790795676	0.3736674275390339	0.3476621789407479	0.24860539377852486	0.19600329262219357	0.26149496177053283	0.24723133650743784

0.5837102319514873	0.589221771727547	0.48585406668508035	0.5816126018567909	0.5452222776355632	0.5818022422710072	0.5529348556860023	0.554398437860897	0.5767280618347383	0.5273198290253236	0.46459356569076715	0.44888998185336115	0.597337704221514	0.4852018941893015	0.5945666243102742	0.5569962318887367	0.5102052840584224	0.6334860857051641	0.5117484226252722	0.5598890729033617	0.5025064314214585	0.5088167713660937	0.3085985194916443	0.5309502984845735	0.5218368968964348	0.5736924971285393	0.607252500563	0.527720150429341	0.4242182405426417	0.5444703400863238	0.5603768559804119

0.5584953502109177	0.6219666097017182	0.47326392169813414	0.6050961370040338	0.6143543908853626	0.6631034710589618	0.5348792157068183	0.5301552232236272	0.6363647625398097	0.5029051501490706	0.5256626109907144	0.4569208638511344	0.6002524542729644	0.4666033281080654	0.5522011401526199	0.5643635681744129	0.5066293480633178	0.6454864079983105	0.5565491606313755	0.5556122724058412	0.5276960542637528	0.560133064556577	0.3260816915963979	0.48501749645061853	0.49966099696561694	0.5436702564789049	0.6143788581715419	0.5372873997646188	0.4350891059756086	0.5704194274547111	0.5729357612914703

0.6083431008039387	0.6555078111467739	0.4974804806597236	0.5659064970048145	0.5627640392099874	0.6508438286287872	0.5252908918033938	0.6097074301702257	0.5971837302204367	0.544619299942882	0.5192528720316525	0.4543139750943292	0.6475224981538592	0.5371169678615454	0.5770750126938557	0.5861615000332612	0.49800707313516507	0.63947933199233	0.5686610018150511	0.5842473356877123	0.5466104008315749	0.583327644687014	0.32504733398364827	0.5195704276076911	0.5278800396819122	0.6259276437491456	0.6050957237710395	0.5361743534838433	0.425242047675751	0.5338085041372148	0.602010066741258

0.537911079625563	0.5801092725756058	0.4100457515738905	0.5038461288028887	0.4945126559926426	0.5700939488449983	0.41023224792598	0.49226574921798516	0.5296859780417266	0.4329729806736532	0.44931083809363587	0.4408447929365023	0.5378248139889816	0.48037207944446714	0.45800481701712875	0.5059774170195953	0.4244478655812621	0.5516057811017868	0.4967587386228812	0.4447005943924896	0.4456451840315958	0.4780110307630886	0.29098381071785967	0.4573298790128523	0.43177485201788157	0.5471274147549217	0.5235966322945187	0.5012611839225178	0.34942955059508074	0.5107406562568364	0.47220138276580426

0.6130999711593808	0.6508235763940386	0.6020925850690393	0.6451726265623614	0.6217878115578617	0.7050622585339917	0.5721374318418214	0.5689768227800467	0.6551935740127826	0.5063506398750113	0.532382824576076	0.45109544591261447	0.6500856845116273	0.529674999290294	0.674851614790033	0.6072132149291019	0.6022577827425193	0.6309668012270534	0.6300985336336034	0.6705708593707704	0.5351926565968	0.7060700021888675	0.31686886226235295	0.5240446306696899	0.5200440707922086	0.6070343092645927	0.6341950507420335	0.5158780059437947	0.5182604107118344	0.5496231137577895	0.5520798056985117

0.5305576521924521	0.611397480236755	0.47220200535163814	0.5535234903871713	0.5587332274863368	0.5951924125396555	0.5243854357686769	0.47598829441293367	0.5405178027640183	0.35122006918049975	0.4960082709684863	0.30814231129592073	0.641542359002211	0.46375821864573735	0.4760769235552749	0.6132417103461839	0.48354368054301666	0.5654785517353187	0.5139997297569526	0.5246170579356053	0.5170287537596941	0.5477512291548808	0.26052247120657934	0.4921685251605164	0.5097338660220783	0.5671725179683521	0.5330542641293868	0.5130861007882374	0.3908177802799545	0.5110153673727639	0.46629533847102184

0.6182161304049116	0.7217168686880066	0.5202986502230691	0.6375190393499001	0.6422751739791357	0.6545498826707532	0.6288736803868091	0.5956176388881126	0.636952553628529	0.5015969753703658	0.5486774908170313	0.471849097953837	0.6546082647585083	0.5687811171727584	0.6078221367007037	0.6437415468383425	0.6136993318419925	0.668173904068965	0.5943126108928619	0.5778413101331099	0.5707851041036803	0.6270543440592424	0.36007810315519995	0.5921468790818462	0.5483812696804817	0.6811444101424862	0.6418443771231246	0.6920920146651846	0.49690705114587375	0.5963364912897906	0.6042638890697478

0.7551930933483824	0.7374565092426387	0.5675464407243744	0.6862093451685538	0.6840747718564132	0.7529322347167271	0.6520263695173731	0.5987661553555793	0.7106271984135698	0.5591029564193113	0.6608009666365283	0.5319816805382205	0.6940336213711622	0.5413965248026786	0.6260087332904828	0.6883293712963277	0.5815533627656793	0.7296927540112577	0.6608890846610387	0.5873457332809865	0.6434910417101511	0.6853184936847555	0.36446251437586563	0.5867686973804005	0.585467980362085	0.6531069671421958	0.6895837259831485	0.5998045541211194	0.5002940335510635	0.6035080834654859	0.6393549581263072

