0.7554673599881191	0.7862042415425107	0.49490734670497816	0.4624127068791638	0.6703622516906351	0.2919426601028408	0.2733022563156481	0.24623945497053668	0.5524540906006381	0.3346252450794912	0.5335863973302353	0.28469707196839855

0.4650665859068318	0.3433689958251314	0.5984168541680879	0.5382445099953187	0.568013332832969	0.637599040477627	0.41567412370339024	0.3961411412969137	0.6490825196040583	0.5206741187686033	0.6170597098451573	0.5109678805848983

0.4213399465461765	0.23870486523313683	0.4712589640041792	0.43106521523125496	0.3434207975344239	0.3344080013851485	0.33418825301710253	0.28997554626193045	0.5106760301155245	0.3935916631235027	0.513846432540467	0.37529671730818515

0.5976110341354987	0.39044309957878154	0.7849976493327446	0.8104708664750744	0.5533232703780343	0.34607215861984864	0.69764993701699	0.3782711260860684	0.7600527190989186	0.529884801577801	0.7931393150083315	0.5079710355681037

0.34782507978471083	0.22138133552324496	0.49818345795868946	0.5884793177516315	0.34943378070844855	0.2506138393755881	0.5399409964218429	0.2659562902272085	0.5430566070919618	0.3795726950334663	0.5284210069515677	0.35153500256908865

0.29649972823847315	0.1867933379594491	0.35797440980693523	0.3372607844989379	0.3010023335921873	0.2932317014460017	0.252041854194927	0.6880694120071168	0.4709303924647342	0.33312434745174957	0.42735531434667645	0.3696123524733383

0.5598773147508703	0.3727190317814907	0.686689275400498	0.7034174414949381	0.5312344763007024	0.34923140536538255	0.500315631550955	0.3870302223357721	0.8375280163150093	0.5280089331674604	0.7232211903108658	0.5443237707689887

0.2855058998438159	0.18101246244162067	0.3508950972671066	0.35296666696252643	0.2942341368339232	0.3282087256542372	0.243769105069087	0.3065062689312379	0.5679703710847825	0.32977977328450814	0.4108715347403057	0.6011412879434099

