0.8011037745979883	0.6709427863084012	0.5906235379846829	0.3224499334134446	0.43135928157612435	0.4594197816286514	0.48743958366187023	0.4086447369862348	0.36330966306556545	0.44850672255326873	0.3490836038876154	0.3527499205639514

0.2993082270665486	0.5008909752919993	0.532739252816231	0.3153495276093995	0.4444667141648302	0.5199520655387819	0.48337067064661576	0.7894340125925856	0.6900706482973602	0.41598949173471605	0.4655893804780126	0.497805432073368

0.3054977589473529	0.48367577477982326	0.5645039222290928	0.350790282408882	0.4440984876497347	0.5096174548575485	0.39924709683046616	0.4865904513921297	0.5275974619727517	0.3922091538779237	0.49063107118154287	0.5180940345240792

0.6653591227210163	0.42256727939028627	0.49387381923216145	0.21684667388838802	0.3523083779374482	0.34018221069669624	0.3464873452127395	0.33245938668240693	0.24781417883216492	0.3562222653832879	0.29586008636737354	0.2979081324303363

0.5344608984420631	0.9413424332642805	0.6766310312361731	0.42699610943208566	0.45860029279818926	0.5696015743406797	0.5595884072368106	0.5286691616498671	0.5677851422746756	0.7068303995089007	0.4689227274257325	0.7470958681904546

0.35306560459130665	0.522836872582703	0.656468762826757	0.7024732507055278	0.5373039122226813	0.5051029102339553	0.46746577148833884	0.47682248661318916	0.5002744917327131	0.4483252576637813	0.4448493711069449	0.5044994910762175

0.6160841323616955	0.5447375702268724	0.5583835842970791	0.2520591748853839	0.44065311935459406	0.6870667213969806	0.4929482055716867	0.5959527727440369	0.3335679462404866	0.4098699639296473	0.3456260653258705	0.36777360721525915

0.6324860515487682	0.5242694553252937	0.5360375254858679	0.3067369717316053	0.46687276038483905	0.4282432483798307	0.4310029251737884	0.45441369989245994	0.374592121544835	0.37065230353619094	0.3640740798965017	0.438275276340878

