0.6805670723131139	0.6091273964267025	0.40681780117153643	0.5882006862049948	0.6274958576273607	0.6765171182279199	0.6110408420949786	0.5431645330389225	0.6056531112870926	0.4292710133017118	0.6540348322024567	0.6822111671920469	0.0	0.47109990778938343	0.0	0.25101836901568475	0.0	0.38061631254030875	0.0	0.3486722749697423	0.0	0.48525248368777485	0.6274430347041425	0.07395371410356091	0.0	0.49388845894986233	0.18205928917834055	0.3587649864374607	0.39282650975458366	0.3609493684622161	0.4320344857537042	0.328879692137305	0.0

0.6742178697767509	0.40290618235507286	0.33282766267959674	0.7428833151649747	0.5977435550410384	0.6030670548074744	0.6249592398051815	0.5003682730869857	0.6301187200918521	0.3883829817564386	0.6069786105913264	0.6600725296512461	0.0	0.5373699144669408	0.0	0.2650345455617086	0.0	0.3799584161127702	0.0	0.3215618384083114	0.0	0.5368705001977491	0.6237961840054707	0.07913107369722347	0.0	0.4030795355882708	0.1637836760063236	0.3206071946256063	0.30008282162082467	0.28584262684193906	0.38898454991457765	0.303744024951653	0.0

0.5671986702010704	0.2822484821187811	0.3255056411693979	0.6228537707278216	0.5917451451567464	0.5697342687436792	0.5469993843140577	0.47503560590867455	0.5508795930557817	0.37549165561188613	0.5916225246348441	0.6481438064622228	0.0	0.363571891220016	0.0	0.17471813324577198	0.0	0.36987002369103694	0.0	0.32822006330918513	0.0	0.36389519188729347	0.5691381299442205	0.038796703537263985	0.0	0.4166304190051822	0.180591767623003	0.27389252274383086	0.28924144775083294	0.2917834975159255	0.38241299370069504	0.21079599681053213	0.0

0.6869117342742475	0.5726376621213912	0.43387111586357696	0.6257719568725175	0.6541083112810386	0.6740663976718327	0.6213722566494293	0.5586647538689617	0.5440469633583546	0.43255816825051496	0.656656407582405	0.6894493785234204	0.0	0.46709640107538497	0.0	0.24701486230168632	0.0	0.3835594729966076	0.0	0.35428664883438443	0.0	0.544345153620996	0.6064548394166228	0.11760414575139866	0.0	0.4666002269346454	0.20086449905398998	0.33996404196603924	0.3829529788220959	0.3529578627431833	0.4611403337235972	0.3418815275629943	0.0

0.6197594393649699	0.4241486960981343	0.37265656518172474	0.5165445334199877	0.5681644714261085	0.6123970474077765	0.5711577657818433	0.4378486753140766	0.5513477332483131	0.37083936506417503	0.5639549002556458	0.6432425029228123	0.0	0.47518879094298183	0.0	0.25510725216928315	0.0	0.4037597013207601	0.0	0.35690832133684885	0.0	0.5829746258364641	0.5742889659194241	0.09649079834808522	0.0	0.408439989383654	0.25358943654006116	0.3578490840705213	0.3714978635438595	0.35958680302233414	0.440754437281239	0.33366244432325415	0.0

0.42514820790075547	0.39781405860225016	0.5066228063343511	0.36547174834818325	0.30099445245761974	0.5420110422903414	0.564972904376174	0.3286668620391909	0.46336423760704415	0.26792893550041774	0.35151054931369685	0.35939939200819815	0.0	0.422061173213564	0.0	0.217689076847389	0.0	0.4230994398118173	0.0	0.35327126059393693	0.0	0.5137437084163707	0.38746636969006143	0.12160127539660973	0.0	0.3520572094954054	0.18474988771369433	0.3344006360528346	0.3623786488372984	0.3391368387085813	0.44074199396453145	0.34088709119285143	0.0

0.6036398015455897	0.4066016646741166	0.42268970650240345	0.5389219556486524	0.5598855539054838	0.6145289030452503	0.550099281193321	0.41654168451361073	0.5073926738146755	0.3555576833061602	0.5490464070585965	0.6240656894742699	0.0	0.4289064895653189	0.0	0.20882495079162028	0.0	0.331799891782241	0.0	0.3380888666939945	0.0	0.4668223086650369	0.5685864238301375	0.08132137133428792	0.0	0.4058776809350683	0.16425702875968307	0.31672653395879596	0.29416218659400484	0.28795873519588755	0.36950354715302053	0.256109070536413	0.0

0.5804045110817495	0.3612162628408767	0.5088546383804932	0.4521656647280597	0.5148380723347282	0.5653081051550077	0.5629114428676153	0.41765465162440185	0.5556025350491881	0.3116023096227365	0.5023874821672263	0.590007221078266	0.0	0.5086148147456995	0.0	0.23476677620188358	0.0	0.3152659844027009	0.0	0.284242475923259	0.0	0.5564897807060472	0.5007105516790642	0.08087976696608756	0.0	0.3101020882940737	0.14712455669579644	0.2783837986773957	0.23855945948798424	0.22361290611782714	0.49985129870204925	0.22370658177665753	0.0

0.35423265127704195	0.37415922843044735	0.4724974250952315	0.4243693396606638	0.2293292641744432	0.5146998587400787	0.5203645821977056	0.2989674651205156	0.40388191339500457	0.23351418205959787	0.2664831543391374	0.31051743787578134	0.0	0.405241241784548	0.0	0.19935615662433523	0.0	0.3925069141634504	0.0	0.3515611067376117	0.0	0.4721628110144286	0.30549769311384106	0.12084850376001482	0.0	0.2830300066557534	0.21117042648582704	0.2641403276422112	0.32301261176443274	0.3110994046405098	0.4464236117718601	0.24647019395512448	0.0

0.6539001296559219	0.4264595216831677	0.3664106489647283	0.5385135678502695	0.6006479114639639	0.6409040944908615	0.5999353794436411	0.47452076697539647	0.5769255504128927	0.380091598811656	0.617468423863619	0.6638204605306951	0.0	0.45189174821336375	0.0	0.2333228790782487	0.0	0.3619513139267027	0.0	0.31224273941494524	0.0	0.5122294843625628	0.6138816469210293	0.11559194951566999	0.0	0.45423972874647955	0.18722439893208032	0.3207266956632405	0.2996791386724055	0.30139110266609326	0.4002847706115167	0.301097605566283	0.0

0.5220043876359295	0.350233859185512	0.3869102776926302	0.5409122636760569	0.574076370263129	0.5669585749043984	0.5688747607057592	0.427500159793867	0.5274509082947236	0.31957960889005843	0.5572059998817334	0.6174201941203635	0.0	0.3446417910012664	0.0	0.19310434683616967	0.0	0.36389253620844875	0.0	0.31926920988249696	0.0	0.4227729060044715	0.5427576208683537	0.10718863352410384	0.0	0.3885660072702888	0.21021473196177698	0.2502694007392791	0.2768759375317342	0.28717143375324283	0.38880462422161616	0.22816228374497843	0.0

0.4079099264608508	0.3925727771003923	0.4379962119295249	0.4591601666952634	0.30725697452491363	0.4809461226656244	0.523820285688881	0.35301661802453044	0.5367142033817951	0.2639075872245659	0.37077906121792714	0.4289831425821455	0.0	0.4858500297743932	0.0	0.2697382457932373	0.0	0.4543662422053708	0.0	0.3554281515375466	0.0	0.5457911493934622	0.412360316893453	0.12030590020105543	0.0	0.3549389164288137	0.22545423384492108	0.35988361047721146	0.36447077314799525	0.3679885487232163	0.48512358895169727	0.36246024106364483	0.0

0.40557800720249537	0.35569666811613765	0.4515143486399652	0.605597522502983	0.3690894745211703	0.5056730523565339	0.5276202193234283	0.3901948154144943	0.4994537681150748	0.3376046910999872	0.4017877992258978	0.3842353192899375	0.0	0.37799421149667856	0.0	0.2357265656238386	0.0	0.4449362882420045	0.0	0.4064149858678471	0.0	0.4594318272319242	0.4254355895430989	0.08721371890803771	0.0	0.39035963027271237	0.2742530902017454	0.3387812113007269	0.39345563466756406	0.40595247196875167	0.48895633459654614	0.34217327533265307	0.0

0.5540468949925127	0.31694930467850313	0.33121669327196246	0.5967679409246669	0.6242504201741129	0.570522361881002	0.5492280593007566	0.44631648895780307	0.5341843715091963	0.3627018571624674	0.5958528293213663	0.6602986739515373	0.0	0.2679993176782113	0.0	0.1272443414439549	0.0	0.28940385294075066	0.0	0.2564704063047603	0.0	0.3348187501816184	0.5474505155879532	0.05258222268109898	0.0	0.41169775004763065	0.1620752210325776	0.2503803953231827	0.26664257990192575	0.26909618351904524	0.34327217319373216	0.21833933886040993	0.0

0.2862914435590259	0.30570880252193783	0.3816091073988061	0.5134876654287753	0.24988506372490754	0.448091537146375	0.42659768064573855	0.2719498602989772	0.337994379707922	0.2144722777211963	0.32690410337771325	0.28588169157752036	0.0	0.27252717276068505	0.0	0.13177219652642871	0.0	0.33899188467918706	0.0	0.3221380431010987	0.0	0.2974634870674673	0.2787285220954045	0.04998230911222275	0.0	0.33506231523876	0.21965045274956285	0.25604553886280323	0.32469351445510275	0.37145190779892695	0.4392145594811474	0.24151513198348878	0.0

0.39646385808409357	0.38589307284419494	0.3578291671049252	0.5745385233425044	0.2243807635216239	0.47866122512990344	0.46316041332169905	0.2703758213859282	0.412309015630272	0.20435087697934873	0.30745488544200095	0.4199418128890372	0.0	0.5023814255205312	0.0	0.24019197891718083	0.0	0.3381175204728737	0.0	0.3310707182221997	0.0	0.4417772278024598	0.3012911347667111	0.04772532008722723	0.0	0.29297597831352234	0.1734301626251622	0.2796255740050916	0.30548985700368414	0.29934608522679523	0.3743030531450129	0.24543141397802054	0.0

0.6996585927467011	0.34689021448578417	0.3262235111685762	0.667537808651668	0.7112641465589888	0.6925192719655611	0.6433040254176119	0.5530344199372833	0.6164566818228536	0.49243302080075313	0.6994202156983071	0.7744123246586945	0.0	0.3756331143806982	0.0	0.20137570118189083	0.0	0.34291764972141003	0.0	0.28074430686621915	0.0	0.4607820217397651	0.6624545803972569	0.051449991699861836	0.0	0.51486416572637	0.17983299701421118	0.30743406816275304	0.2990985057704564	0.3111547726027022	0.38955302938643044	0.26697957212416007	0.0

0.6487741232448202	0.4559733160737206	0.4726610033420484	0.518662170848314	0.558896334590919	0.644708637183655	0.6042103216389676	0.4730114972558571	0.5724719314370345	0.35287964290437546	0.5408880057313267	0.589211319537035	0.0	0.5422115375874381	0.0	0.27872262118432845	0.0	0.4100812003029008	0.0	0.3710708766157386	0.0	0.535351273112177	0.5669140024861612	0.10675534764737016	0.0	0.3781201081041325	0.24330475196665716	0.3161073796670851	0.37631872044043824	0.3176298696128491	0.4324207917301053	0.2925267323638621	0.0

0.37483232807468847	0.4072010395719581	0.3792217530346498	0.37056292875031427	0.2761740178708101	0.46085465123990005	0.4870703076521039	0.3230605234109616	0.4341305737030545	0.2602431073136221	0.3204231146022548	0.35571194588750227	0.0	0.42919176498401373	0.0	0.21216872749545823	0.0	0.4409527979160579	0.0	0.30200450357762143	0.0	0.4515580879679079	0.3750437182567383	0.10480395873244244	0.0	0.3282750948654817	0.1759722411489127	0.3147576552306227	0.33582703609835574	0.3390139543765056	0.44011443559158003	0.32838627797601	0.0

0.26479647304529597	0.29445433681308375	0.3329626211957368	0.29887528292241583	0.21309702709270495	0.3676407331407493	0.3828414074938749	0.21941028612510624	0.34975521704933665	0.15980803197639504	0.24582784511503408	0.2766247832482363	0.0	0.31653473020511125	0.0	0.1624993222370965	0.0	0.33329952165169774	0.0	0.22472607380889206	0.0	0.3410241282413581	0.25883148323476096	0.04267198733900708	0.0	0.24287107012691994	0.1464631420363624	0.2660910561253338	0.2969983569641208	0.2506233330745002	0.32635987908333625	0.23085192548115063	0.0

0.4509578204954406	0.43503842444191476	0.4639820594291153	0.603119481178445	0.2783785644182078	0.5478203026280037	0.5480456757971635	0.36090377501526894	0.5069423908878741	0.27769980232429037	0.3410470481383262	0.5086230017261447	0.0	0.5790229110206127	0.0	0.3183529361459432	0.0	0.4497964514498528	0.0	0.4477804041557955	0.0	0.550766326774653	0.4037973953969593	0.10707553133598308	0.0	0.3685312020742927	0.25899321930718644	0.34533998792128473	0.3548112499993408	0.38260511096005334	0.463780524831207	0.2779459869892532	0.0

0.4173432048373271	0.3759303952483716	0.29441617181755797	0.41625259193803815	0.3223300345902708	0.4524574012870658	0.4522668752818563	0.3694018725065547	0.44402137252771334	0.35281391681231866	0.3111413077199799	0.4214296937580517	0.0	0.5635562267056566	0.0	0.34722339829787413	0.0	0.41988264573785106	0.0	0.392634006103705	0.0	0.5096972727971594	0.417353455589451	0.05275057991772421	0.0	0.35263169697125807	0.20654070697329324	0.3702358730734665	0.36637002869937063	0.3973998827530348	0.37617713184631835	0.28584349924125424	0.0

0.4514083500520182	0.4344820164349543	0.3492223368418097	0.40363381611546295	0.2551306694818231	0.5259111858130812	0.5342503195174161	0.3087559323134477	0.49576317609993514	0.2393424387492207	0.32951804199349155	0.47771381498266	0.0	0.5553188784344024	0.0	0.29251456693965416	0.0	0.4337113026450797	0.0	0.3704598949758494	0.0	0.5681493050022213	0.3704171254557748	0.09871489223869066	0.0	0.3187218147969179	0.2328499391081666	0.32456497204703016	0.37139054415198003	0.3078116260737447	0.408083042426975	0.3058375761697485	0.0

0.592412312740528	0.32714953340216485	0.300679493324285	0.5170781795271588	0.6046319662634109	0.5550674701611413	0.5405009323616865	0.47018910447636386	0.5550518210409596	0.3752888637804732	0.6540642296914922	0.6411457562892131	0.0	0.3621266393565354	0.0	0.17721752933248425	0.0	0.34505790874507225	0.0	0.2556002256041653	0.0	0.3614192710620312	0.606476244863133	0.06213345005797119	0.0	0.4352906740538006	0.23359265685408154	0.3979195845319591	0.37093426118008177	0.28118090495787124	0.36190677031055896	0.27374792198425424	0.0

0.7376930714526138	0.4212643413732174	0.34322468764399683	0.6750997609368463	0.7022573135529787	0.7137564050709667	0.6985805197234636	0.5675829487491543	0.6931217436408816	0.4789334777063901	0.7070721023179325	0.784201102675401	0.0	0.461256458055523	0.0	0.2524100919195793	0.0	0.3699714913928174	0.0	0.33167358377817746	0.0	0.4786817744321361	0.7122274137413883	0.08467791840543036	0.0	0.523095171933104	0.19647486226335834	0.3250654500549886	0.3170961257634626	0.3121844150884109	0.40885117775109747	0.28752660299873767	0.0

0.5181204875827226	0.34501910138345904	0.27734048161255187	0.4506361851782602	0.5039621875790681	0.5169930179475902	0.48643094455825353	0.3577284215482737	0.47370070509611617	0.26744229853232865	0.5037803968408938	0.5762787261519012	0.0	0.40352761324982267	0.0	0.18344607447612404	0.0	0.31463633591371	0.0	0.2627580268930027	0.0	0.4107994930873675	0.4644495210399898	0.06436562517140479	0.0	0.30539231752769047	0.14836397491133552	0.2746947255192774	0.2641447025477945	0.23752134896022126	0.32659479560320137	0.1960301846459685	0.0

0.4374939124840869	0.39869595880137154	0.42139755890505415	0.5428275658615327	0.302665761552683	0.5685050003543244	0.5345344090996731	0.34739919733717006	0.47317398691345924	0.2845145440245047	0.3579520892041058	0.4078803863066083	0.0	0.44902037823494545	0.0	0.2536780631655039	0.0	0.4362936428793954	0.0	0.41205499717414107	0.0	0.5229647552555465	0.38303168533515464	0.11209486473439251	0.0	0.43724828004926974	0.25802108452064587	0.3679821885324728	0.38733095287715735	0.3934044036432942	0.47875006223987887	0.33815016574327367	0.0

0.515428702830631	0.49386925207827626	0.4774966828933155	0.5921540494793335	0.34150933540793493	0.5754031892969157	0.4928517321751503	0.3457403426851063	0.40872355278648664	0.3088897089750159	0.35998602346406294	0.4450450193042273	0.0	0.5025990067912385	0.0	0.30116127194355136	0.0	0.41376105615968184	0.0	0.43051994077110145	0.0	0.5108405162356389	0.3713698385280769	0.10718637092073276	0.0	0.4110980372335117	0.2582430132476574	0.34508019075294893	0.3786875456876672	0.42263213137328537	0.5000893020377666	0.3107262604037298	0.0

0.6811241897519862	0.5010330872548601	0.44654779311387305	0.5795722742168317	0.6144161320459961	0.6627445236654939	0.6393170249693614	0.47114745641246536	0.5980613204357301	0.3820396516260404	0.6576338615396364	0.6610038741446843	0.0	0.5061572031278908	0.0	0.2678269667036761	0.0	0.42246972753092465	0.0	0.35843291061169236	0.0	0.5980770926314105	0.630201992587224	0.11891836579793565	0.0	0.45921087710326236	0.2649551679566233	0.42212133075097413	0.4057530907561592	0.3554552191698309	0.4624068599496691	0.3584600797064881	0.0

0.5093170425382054	0.5391966251304625	0.38453451546142825	0.3612507172424249	0.2624278986535699	0.5478685363407225	0.5275322004923075	0.36321337587571906	0.4818145196562226	0.305978915073118	0.3209094567905127	0.5723509771232929	0.0	0.573060160315187	0.0	0.3529786215414884	0.0	0.43143691016175323	0.0	0.39225468332264835	0.0	0.6752422963773296	0.4106367285838223	0.13949452606556204	0.0	0.345391890613878	0.27289005933984556	0.38138832011439305	0.3927869805388911	0.3810090391300188	0.48919032535204854	0.36082801393391417	0.0

0.587549195001892	0.2700343785764855	0.22752740930550935	0.47035388061588757	0.6213308190815268	0.6416264001983443	0.5255745277132666	0.4660394113491949	0.4590626256175542	0.3829299782998817	0.5981243853559799	0.7030071321197461	0.0	0.3217244152307784	0.0	0.15871855138266	0.0	0.2586010633506788	0.0	0.2029107888398624	0.0	0.3641250531823474	0.5680328580005134	0.04246171347229245	0.0	0.3936982437440982	0.09435514874724728	0.26285874259441344	0.2074289517091253	0.18467236783647872	0.2789164874006866	0.16942765991972003	0.0

0.5339081287250345	0.3002831889102937	0.3331624662935807	0.41466320373529075	0.5705506148446648	0.5898014020163641	0.486720210964442	0.4143403440360427	0.5058519238083092	0.44522706749922625	0.5436480163253674	0.6166124428252866	0.0	0.3176885057832248	0.0	0.15484980569893345	0.0	0.28947068496472494	0.0	0.20655296368773116	0.0	0.3725539865262996	0.5124537615640004	0.06161918801500585	0.0	0.3488212571967437	0.10456497068636966	0.27537051087445363	0.23821122310991594	0.2171480244159186	0.31352748518855456	0.2094874450871082	0.0

0.6042442771681067	0.42189118558522776	0.4218855146083307	0.4753681428338661	0.5923908827990738	0.6244398741630646	0.563614517387433	0.43699838049041506	0.5731879287640251	0.4781623988902687	0.5873008791781729	0.6213586240921632	0.0	0.43063403619806234	0.0	0.2120651670629473	0.0	0.3722645949043891	0.0	0.2945984195104731	0.0	0.47021319216242036	0.5534817381028208	0.10937577418484137	0.0	0.390352073601827	0.17855257666691904	0.31831273203397065	0.3148799875728564	0.30498567340967564	0.4002317499093361	0.2915306403665379	0.0

0.6020459074235369	0.272681685100287	0.2165390173394422	0.5171581283169145	0.6125075817089591	0.5124743791096088	0.5063286501881452	0.4421713056086732	0.552854512899752	0.3664039225195397	0.6408922584906015	0.6865215519854144	0.0	0.3476531428007788	0.0	0.16274403277672767	0.0	0.24773964080675176	0.0	0.21094817117137848	0.0	0.3381753310758561	0.5861887507948161	0.04398436577714292	0.0	0.4096999789225375	0.12532376661435585	0.36452328177213894	0.2639657405574442	0.1843897729205437	0.24336188049842622	0.2043708343013806	0.0

0.49423877156882046	0.28072886212122006	0.3233500509123686	0.45238207268599706	0.5493780820876162	0.49500576908808547	0.4912126971495533	0.40326785642112256	0.54354440677504	0.4343874179734766	0.5157192270425751	0.5840556999938576	0.0	0.2660821644401976	0.0	0.12200764178609366	0.0	0.28525546043650035	0.0	0.2218774823215367	0.0	0.3850341603100073	0.4775831578832215	0.06290186779904144	0.0	0.3305903741196874	0.12115787421839481	0.22183162146285942	0.21955498846118457	0.20994533466659177	0.34642270660182456	0.18134654763631153	0.0

0.5050893109698951	0.4986566899290463	0.43385293527424545	0.5536242177243984	0.3349563211455575	0.5186768269638161	0.5294458030379876	0.3527798625539534	0.46910847857127425	0.29934656335584325	0.354846038320455	0.5155175851741061	0.0	0.5063885234364979	0.0	0.28781965430138284	0.0	0.4376457030192352	0.0	0.41945956141902296	0.0	0.5229059631879072	0.4099019786920225	0.15431171621975462	0.0	0.3910260995042387	0.2845611122107995	0.3588246395240677	0.3632649850308327	0.4199147134965615	0.50706355856109	0.3322149259326394	0.0

0.554230134661114	0.5057702770150494	0.4213459510754075	0.4604317725499647	0.3100998654414548	0.6275061668841309	0.5961255951505964	0.4196026568495046	0.5607160514628466	0.3627163937149628	0.3638102424935816	0.5266377492185255	0.0	0.6215833152286357	0.0	0.34773527668481985	0.0	0.4983795933185404	0.0	0.43720237357642966	0.0	0.5743128730529126	0.46407874557185336	0.10352770062061663	0.0	0.40685584392014873	0.22020999568835625	0.38611926758321025	0.4197581188874748	0.41574822368214753	0.48552678913354363	0.34828508213444714	0.0

0.530434564430829	0.6088132374974857	0.4181211532324434	0.608955805838528	0.26944884601498326	0.5897482550702112	0.576293153137809	0.38447802347615356	0.561348119171353	0.3152091134233646	0.3487237736735256	0.5478302318508165	0.0	0.6223745081351264	0.0	0.34852646959131056	0.0	0.45534985761183916	0.0	0.4625074649737684	0.0	0.6078131192204944	0.4442058512949653	0.13923882590123418	0.0	0.3877867776071007	0.23409715228826447	0.37579241540696706	0.3829399236749742	0.38254805439757344	0.4962847069381605	0.31989296337212486	0.0

0.7050997461174303	0.45280464663814657	0.3434973275806508	0.6778821855775257	0.6078013928439224	0.5970720418507768	0.5923294738884596	0.4782269709158421	0.6051195533182516	0.37941722745713624	0.6593338730352353	0.6802023326340679	0.0	0.4767016091230296	0.0	0.25394390972728886	0.0	0.3739781177096384	0.0	0.32157797983631	0.0	0.5385080569360134	0.6557529886500614	0.07794814649082552	0.0	0.4454812742864953	0.1737136487354856	0.5047046774253939	0.33845360185108386	0.2999499258394105	0.39696642486348416	0.3485052956083141	0.0

0.3502243304856708	0.3468258928840945	0.36950338570472463	0.5626131903958318	0.27193368554115477	0.47071233728851397	0.4763462794473728	0.29056729913737134	0.40735881412347985	0.23118114784637303	0.3103280319427354	0.31881801994863534	0.0	0.3052993326979411	0.0	0.1771071844485267	0.0	0.4180553669081416	0.0	0.3181461126431713	0.0	0.398774578839976	0.3105431283792222	0.08679757425543881	0.0	0.3087804215323241	0.25919071299482216	0.2967622579316531	0.3823558883157602	0.3682120001323829	0.4711408356936403	0.30723660191194946	0.0

0.38802141763276554	0.40314356581764266	0.405044776042666	0.35451794699327965	0.31400523209595504	0.4440345120273034	0.48774585788983926	0.32221838063322206	0.4401644664539662	0.27543083146966124	0.3545208758436959	0.30866099057522356	0.0	0.3082319067873589	0.0	0.19647896323579428	0.0	0.3796169215885641	0.0	0.303647197410307	0.0	0.41144623056833074	0.37103273758732697	0.12035878053495078	0.0	0.34645541242668376	0.21009191918627435	0.30881385586705934	0.33276998010284864	0.37426264034314244	0.47678028137417117	0.34129264566963174	0.0

0.5584104365094722	0.40591276798663145	0.3354794383630783	0.5726439995612163	0.5444237516906246	0.5364554261208317	0.554391263918727	0.44270106729065584	0.5679079119755933	0.34237252910999066	0.5490878479817399	0.5949877806680394	0.0	0.40337119605788685	0.0	0.19072606206791873	0.0	0.35857011079987117	0.0	0.26940083497734113	0.0	0.45072422197989054	0.5246135440879389	0.06934822885369879	0.0	0.3614216641164364	0.15313792243623128	0.32229130407134277	0.31891890391973193	0.28982859456907656	0.3912955091349689	0.298801755487772	0.0

0.49410721459967655	0.5080727682409675	0.39300710186798704	0.3715503528942935	0.3269223270495087	0.5444865603409346	0.5431215900821151	0.38688453181659854	0.5324371744359285	0.31516025851440743	0.37341485258319407	0.5776143174262687	0.0	0.5742943254712635	0.0	0.3509671811330035	0.0	0.4565276445015187	0.0	0.4023936552291145	0.0	0.6162154618113742	0.4440945757445549	0.1330455863992861	0.0	0.3407492850713756	0.27042931690418537	0.3807769643733074	0.4146521183732914	0.34590900814040254	0.46306440651209546	0.41059394026959384	0.0

0.3366658007727402	0.4331949094263715	0.4710900778237474	0.3126845927686907	0.2623792936836435	0.5072776580596092	0.48499820051738224	0.27876816833646545	0.3690362856601079	0.2339557803724479	0.32014113733283145	0.288873849494489	0.0	0.26325384467190716	0.0	0.1480906822984247	0.0	0.3430238166677153	0.0	0.307636008603173	0.0	0.4057222477046418	0.2983033600148141	0.126962898416826	0.0	0.3218870798818059	0.2000692053619486	0.26703261613724044	0.3485680985174565	0.35162070575121596	0.4372878527322627	0.3029345313425798	0.0

0.0	0.0	0.0	0.0	0.0	0.0	0.0	0.0	0.0	0.0	0.0	0.0	0.0	0.0	0.0	0.0	0.0	0.0	0.0	0.0	0.0	0.0	0.0	0.0	0.0	0.0	0.0	0.0	0.0	0.0	0.0	0.0	0.0

0.3907666562221577	0.45143715455165895	0.450124184797037	0.45889108389162475	0.28298148671912465	0.5656319941115978	0.5361602340945473	0.3692565201389153	0.4455574677628509	0.3068828128336751	0.42964273499259525	0.4480257457996566	0.0	0.42811443461052984	0.0	0.25536969105030616	0.0	0.4100699128137322	0.0	0.4043078742666276	0.0	0.5133227179226296	0.4239047033202872	0.10949798990066358	0.0	0.5037976290591792	0.2603682301431183	0.382366809275649	0.40696726060818056	0.46691149392622977	0.5119190601696717	0.3381519253672334	0.0

0.6755911084618996	0.6040498048262182	0.3456442708535206	0.7070907539169091	0.5790953769376064	0.6418321854024502	0.6203868507094654	0.4972187835055949	0.627137166326318	0.3869065268882592	0.6014824710544726	0.6649280672352292	0.0	0.5640362281436568	0.0	0.29018818959984094	0.0	0.4353179864305152	0.0	0.37221653023576634	0.0	0.5538498941348904	0.626975667796574	0.09273959572942618	0.0	0.41988584706513277	0.19429775567340496	0.3360402931360394	0.3546607436008513	0.3265585610810037	0.42520792987610057	0.3102253488463586	0.0

0.3635997666316352	0.4502120439165108	0.44381766619886	0.4402465441577229	0.2977075762822736	0.5296177918617218	0.5824339830168971	0.28935576195398177	0.5113134812871523	0.26842260052364675	0.34340541589251056	0.3292196297296016	0.0	0.37121625968086625	0.0	0.20555786272286342	0.0	0.3833623187840274	0.0	0.3188990227170221	0.0	0.4765352056272631	0.2869394679466199	0.07523558709727671	0.0	0.40179290795140565	0.2119633525253403	0.2920181592388372	0.36769611482951775	0.3919501488786094	0.5022721216126325	0.35921848753600444	0.0

0.5781451344931234	0.2907593378821514	0.27864841142588215	0.615749819596186	0.6100433051703393	0.5374962595832915	0.4957305317230881	0.4785179987183079	0.5208260559311688	0.372571708081225	0.5909651963897226	0.6319879476786057	0.0	0.35259344844896456	0.0	0.1637396904747205	0.0	0.3176071486568367	0.0	0.22028991110934	0.0	0.42823017904292154	0.5441084204419087	0.04580278945572186	0.0	0.3730994092410922	0.09282686272859914	0.34635123615334035	0.28531185390340064	0.24143999455712742	0.3392152425395442	0.25888972629455165	0.0

0.5834810515760613	0.3130070941449669	0.3525445439443324	0.6250973809211573	0.6199566962834617	0.5812408396587205	0.5756344521166404	0.4847409134079948	0.5066199157974726	0.3832534273213443	0.5816219154517658	0.6863039226179466	0.0	0.329727356922917	0.0	0.1667451205869562	0.0	0.34448320852510605	0.0	0.2534789340699766	0.0	0.41733408820847806	0.5743498535868441	0.0755611773136051	0.0	0.40387227690580474	0.15690774947553332	0.3230448972571979	0.28177527755246007	0.24186346967606315	0.3889430447860579	0.22681781434971338	0.0

0.38714177404085937	0.4140863285313493	0.44598053377255675	0.4423053376107454	0.28214123827874205	0.49087550416523174	0.4918299765309002	0.33882940206135326	0.43919837627169894	0.25723079626290446	0.3215083435144682	0.37803418160900104	0.0	0.3813484852258503	0.0	0.18981659767102066	0.0	0.37935343036807484	0.0	0.2743085789285369	0.0	0.4815105190195852	0.34430397532615703	0.10790251926582775	0.0	0.30675696198522984	0.14860402470696993	0.3410235760637518	0.3475914447335783	0.3220386215353565	0.4416450818039924	0.330440760595232	0.0

0.6947398417398045	0.396983198524891	0.39213744909650383	0.7001130735047028	0.5739283037543255	0.6427617556014484	0.6327062746463252	0.4937181327946948	0.6215033667559549	0.38412272429469274	0.6388109762990942	0.6146023429677978	0.0	0.5867848913015355	0.0	0.2843872015388508	0.0	0.4126121281245999	0.0	0.3547634343205356	0.0	0.5056552342814922	0.641429467220729	0.08264847787676477	0.0	0.4618939521876329	0.18062414382623176	0.4674709482344334	0.34409151979890584	0.32080251125149906	0.41911917979026936	0.3279176979683198	0.0

0.6361324123646719	0.2662922885963044	0.338956896063643	0.6764232091100804	0.7007254262193231	0.6382764247857766	0.6015499331176477	0.5018565899806665	0.5715012985946173	0.4315909141815395	0.7086844366320053	0.7018415366325328	0.0	0.20621237962037875	0.0	0.10876662684281665	0.0	0.3571308477927163	0.0	0.254368950133964	0.0	0.259279656726831	0.6287093238970867	0.05156846268756514	0.0	0.5524198143792218	0.17742488541900914	0.3971558688841509	0.30902965681637323	0.3234903786062225	0.3792515601309674	0.23325989379898743	0.0

0.33489271134699505	0.35612454428225837	0.36046439121147755	0.3179099528093894	0.22941979490384812	0.4512111130357	0.4738594529299367	0.27158223387508806	0.415168887443491	0.2003159273788997	0.2847916782272014	0.4012321698504574	0.0	0.46454582069844974	0.0	0.23822384505707367	0.0	0.37776948187022885	0.0	0.3240215090308981	0.0	0.5119537565256234	0.31476461976113757	0.07922694759960808	0.0	0.3570685116765071	0.18708758272795048	0.33338103445124845	0.3161802402833219	0.3116124759628782	0.4185838521787626	0.2980297778722225	0.0

0.597810760045184	0.5364387133968305	0.39869601918469544	0.5666654796455801	0.5920726790995545	0.6519335493430739	0.5848631989533948	0.4494608293309661	0.5528553426768181	0.37068499787493714	0.602559181784285	0.6162894504244689	0.0	0.461309618874347	0.0	0.25157879555911505	0.0	0.41466845881743153	0.0	0.3598550603615023	0.0	0.5299585597902952	0.5730716650579957	0.08573431393386519	0.0	0.4220468185930831	0.25509185437518267	0.3822735711478891	0.4109995646029623	0.3633589989668867	0.46987899601877803	0.32436703322038657	0.0

0.7935342088519707	0.4517164306434911	0.3718885685386069	0.7078652258593043	0.7101214756698173	0.7376083318837587	0.6807140965820301	0.6015004771201125	0.7157807881573155	0.5180713608749885	0.6823573493126822	0.8409013391368239	0.0	0.5020350480085072	0.0	0.2834661788733921	0.0	0.3756515897612649	0.0	0.38301639604553384	0.0	0.5277983675129447	0.7205189995949682	0.09368180006313181	0.0	0.5556910211461565	0.2174748724078015	0.3462416418165439	0.33539814655974165	0.36087242444477574	0.4375603025754887	0.2677042930280288	0.0

0.6815209481996644	0.37197564842170683	0.3114305142356451	0.6290943595670482	0.659728370743119	0.7047309892717404	0.6475511401230782	0.5334168958760085	0.6391684317996091	0.44133230993775613	0.6755382721357734	0.7386764414109758	0.0	0.42811926795141714	0.0	0.21868892227899575	0.0	0.32203243878501214	0.0	0.29531162361166063	0.0	0.43719088780166343	0.6537731206863477	0.06508716974489089	0.0	0.4747687016511439	0.16901254405726776	0.3682556362119849	0.2805650148707161	0.2740322823219886	0.3665528974763897	0.22450465009830634	0.0

0.516740603875587	0.5587446731062111	0.43750742727565484	0.5046259668357485	0.3147323023486144	0.6218243409751139	0.6156411799967985	0.38164781676702264	0.5622783677076965	0.3172436797469261	0.39372473395758883	0.5769381584294162	0.0	0.5605431659317174	0.0	0.35818762113584096	0.0	0.4543666493404629	0.0	0.457770804179801	0.0	0.6244931812300967	0.45980833746910577	0.1683941121326	0.0	0.41313513802832147	0.28341870791298235	0.3966516915645947	0.39893543760609185	0.434664474418864	0.5290701855497639	0.3449578828387899	0.0

0.6337436474668554	0.34540900388797996	0.2757164970769014	0.5585454010864642	0.6012318665063998	0.5985555719780067	0.586841195168651	0.46735826669640784	0.5857777083166609	0.3751031431742872	0.6349718617763254	0.6664064671205926	0.0	0.46462406702472175	0.0	0.20546676178863588	0.0	0.3023253967078922	0.0	0.2709871342238625	0.0	0.4301428123625896	0.5846287949508946	0.05437953947579294	0.0	0.4094346392495637	0.13500399760716994	0.27896603398058606	0.2524317516330936	0.23767065427544026	0.3288198301332441	0.1933500627125974	0.0

0.2954431738680289	0.34080212081115857	0.22993672954471717	0.22511486017946492	0.14492058199863012	0.3351046796813977	0.3278540638220879	0.1689698544598475	0.2766183524934278	0.13388735580789793	0.17828761125483322	0.3634873056231546	0.0	0.4210412931101658	0.0	0.20247242397505075	0.0	0.28298147561337605	0.0	0.24300249980514854	0.0	0.4130878585973203	0.2096869766389248	0.052281916127994016	0.0	0.1950633871266902	0.12531693272560543	0.25879547422837895	0.20555983230612324	0.20205437073610122	0.2832519924187875	0.16839775188656914	0.0

0.3914041451042706	0.39797035845764517	0.2893220364379252	0.25115536271085326	0.21774851118900912	0.40935091826029235	0.39923182948616404	0.2331478893142017	0.36006564671624863	0.19703002217502494	0.24959427775147386	0.4004863121358557	0.0	0.4580402996228669	0.0	0.23947143048775185	0.0	0.31213921188690463	0.0	0.30962241110635724	0.0	0.4501609276292927	0.2989060006777966	0.09487906285287737	0.0	0.25818725439940776	0.14068667630846798	0.292227207919707	0.25062778384587997	0.25212531003264577	0.3467795516897873	0.2374363248624947	0.0

0.7444051756152539	0.44746802743503217	0.38078001327405914	0.6230896950770128	0.7198500945199986	0.7102674254667685	0.651743959133688	0.5471417316564042	0.63113326323029	0.4878775695636389	0.6804731619352593	0.7511226854980124	0.0	0.42356846000192383	0.0	0.20499959086680875	0.0	0.36207138024546337	0.0	0.2697960583769275	0.0	0.5606168423856136	0.6477426544867236	0.15007355409338274	0.0	0.5118320696443084	0.15180631479312157	0.2897103683381733	0.31250210971493386	0.3185515724244776	0.39999782799891537	0.28390544783495936	0.0

0.5762259567711805	0.4293590942936677	0.33101815663589507	0.44229086244456645	0.5453094989971083	0.5294819746127364	0.49273829698977334	0.3725587963855984	0.4840605121541205	0.30865696432610085	0.5069186147505937	0.6096774935642303	0.0	0.43519474113617607	0.0	0.21662587200106104	0.0	0.3310449212913238	0.0	0.2860742455417947	0.0	0.500713417427689	0.4799453994766774	0.15712921112893136	0.0	0.3253235750371293	0.21658019485639923	0.2884044242442698	0.33694914750441785	0.29466428181416926	0.3740982421692748	0.2320770049305905	0.0

0.7243274133999356	0.5509266440127665	0.44801513229944767	0.5857088685229136	0.6904018273769295	0.6832813136583906	0.6240596539689222	0.5049552661627168	0.6089543317343826	0.4456911040699516	0.654291621152218	0.7273984736694302	0.0	0.4785791621230579	0.0	0.26001029298794287	0.0	0.43912412103428844	0.0	0.35798888522167077	0.0	0.6169476687594726	0.6087666134989809	0.27449392156666985	0.0	0.4689145451155993	0.20887345826778192	0.3150280066051542	0.4030137900259722	0.4119917806438188	0.4910271317471665	0.31309969643048763	0.0

0.6867516005207817	0.23017127048022173	0.17020182452877444	0.6203735978861693	0.7242726314446224	0.6609102420581272	0.6166919738114522	0.5480037511202169	0.6336526094886166	0.4971785014060858	0.6891617371608384	0.8166446125135218	0.0	0.3182081739601556	0.0	0.1454634303999319	0.0	0.21617000777791576	0.0	0.19756554630881648	0.0	0.33513837448632006	0.6499645222180876	0.03221877452399369	0.0	0.5299924075198352	0.11493196881316861	0.22997482460954147	0.1679969624064475	0.18325901096796243	0.24467878379447533	0.12661171432379711	0.0

0.5996599155885624	0.26847551856430546	0.24995784201792032	0.5277000531596345	0.6225190823730284	0.5908398764172964	0.5468234985166136	0.4608081985457394	0.5278064892040297	0.40203860504920197	0.5858655868264677	0.7022377927481142	0.0	0.3259739171373174	0.0	0.1532291735770937	0.0	0.239009620204982	0.0	0.2020975010033808	0.0	0.3676776486537042	0.5441525529116136	0.04273753743671688	0.0	0.41813410446091737	0.12472775499253452	0.23601073634355835	0.1807594317730446	0.1947733846697116	0.27668666863138824	0.1568666603053645	0.0

0.5753343843913293	0.26837337931143823	0.2681315308413198	0.5041567585299445	0.6011037267156436	0.5616262469783502	0.5236961456617972	0.4308596734794934	0.6214377036697972	0.5100427201367002	0.5631224745376803	0.66535266463946	0.0	0.32690633075521935	0.0	0.15416158719499568	0.0	0.25665123604149404	0.0	0.21261995711596213	0.0	0.36595074498580443	0.5147241808310026	0.04674957536313201	0.0	0.38700733827232925	0.12711593635525315	0.23700106294445245	0.1954895992114555	0.20660106549533502	0.2932707658885596	0.167706401951547	0.0

0.42313235989374276	0.45740378768846285	0.3955383985449641	0.43603563032234555	0.28698183183364534	0.5298278245098702	0.5433770444319137	0.3293912052884671	0.48692602001270635	0.24344444390129466	0.37609060068801115	0.4919022806491249	0.0	0.46935826300474637	0.0	0.2623820523764197	0.0	0.40879170708198664	0.0	0.3684808136999085	0.0	0.5597626123902366	0.39114186624961866	0.11471766255243451	0.0	0.36180861657974694	0.2332854764146689	0.39942181957585965	0.3612371684723391	0.3712923264159724	0.4766059261023153	0.3499668466239215	0.0

0.5785230257872994	0.2917233134838665	0.26230285110871665	0.6168926985500967	0.5927726880800344	0.5432234935301229	0.5336692696938118	0.44434264033082876	0.5259011543443337	0.347199271511036	0.5664230460019468	0.6346994870132201	0.0	0.3150005379473211	0.0	0.1407431247485137	0.0	0.3017242995886238	0.0	0.2423139645016788	0.0	0.4239390932583761	0.548679517402118	0.05324430471722578	0.0	0.38060641158207875	0.10329791334103	0.2722310166853635	0.2514096575391418	0.21932774399119964	0.33453494466911654	0.22259014868890176	0.0

0.37804182128464203	0.38919177436522456	0.46357292026878727	0.4031902655350639	0.2874340405306986	0.5408005331749095	0.5236511462625654	0.300328238207587	0.39484685400383507	0.23953671968033835	0.33988682745998283	0.3598849448554543	0.0	0.3183139001665861	0.0	0.20315073779310364	0.0	0.42675411510910266	0.0	0.3966468845080059	0.0	0.5072416435642336	0.31445191214894924	0.09467981520276426	0.0	0.3736457411942474	0.28809967277928383	0.32015496260628407	0.42507679210044336	0.42615473209067245	0.5172594456112921	0.3683520657225377	0.0

0.4635187272445694	0.4850362151606615	0.44042877198455926	0.4168074832332527	0.3451661561490872	0.5430329005888151	0.5435448443954503	0.34738056641728043	0.4972468533544327	0.28676751681246304	0.4209659371858253	0.44038680022191523	0.0	0.4308649430099408	0.0	0.24084572509369478	0.0	0.41454285056419043	0.0	0.4746750493023877	0.0	0.525080430066325	0.43632283664044447	0.11634774483659796	0.0	0.4503079275462154	0.2291016957432218	0.3740934410760519	0.46228049634238727	0.4130978793834719	0.4884561688825456	0.42774667824369567	0.0

0.6267709051289128	0.3664812617913821	0.40429086493172767	0.5619280311243272	0.652155638421378	0.6430496799417553	0.6634760233471417	0.48287367211674015	0.6548539651425529	0.3949711866234439	0.6841207694035116	0.6603503185808354	0.0	0.3603672957808767	0.0	0.187622552220653	0.0	0.35121012069578117	0.0	0.3324687262845818	0.0	0.4502969806960533	0.5925100401695123	0.09069569161097998	0.0	0.49617147933562333	0.2167822342273076	0.30376234397524005	0.3566539274793349	0.38172908546282625	0.4473361271076818	0.32174973954147396	0.0

0.6281059433532985	0.37485836359447	0.3832042210703741	0.5502913162303937	0.6681446731119349	0.652098794057797	0.6387088690877136	0.5016530824507799	0.6012804914407123	0.4160531272323657	0.691983967899314	0.6859531564843652	0.0	0.30427692511391546	0.0	0.17699088163368654	0.0	0.3355850934150024	0.0	0.31634258481547023	0.0	0.4641777531979814	0.6294884294374162	0.11059421627883399	0.0	0.5167460945702155	0.2016075584169029	0.28162980532221515	0.3361583666094254	0.3485869385412016	0.40616897199064383	0.3256031248164786	0.0

0.4599340833555058	0.5128099063494527	0.446439259671778	0.4891015339680435	0.2887253036206833	0.6000677620475254	0.561599843370342	0.35460451602823606	0.47439155849154063	0.27750684484431853	0.3765223643463287	0.5204544817968543	0.0	0.49250343263452345	0.0	0.27393456349940837	0.0	0.43729609745779946	0.0	0.4237147977055875	0.0	0.6095842157470759	0.39919801576429603	0.13974351517624822	0.0	0.3923297275070582	0.26618382570304827	0.37085538216482705	0.42565834176048406	0.4158543046088659	0.5208837480079509	0.36780097801167233	0.0

0.36540156171269167	0.39485657698358356	0.40367107528088014	0.36486588784456375	0.30083465801224496	0.4852518128285892	0.5257965729207112	0.30832719048712204	0.4123350491507992	0.25052741017681446	0.3384497599909701	0.3466383631276127	0.0	0.3673722234444385	0.0	0.19955828980953488	0.0	0.42559356096043977	0.0	0.32709346774247483	0.0	0.510228294140445	0.3410399461865372	0.12721532467114285	0.0	0.32934138048022943	0.2147729125741948	0.31620753894270287	0.3769662038856932	0.36767681427423526	0.45678046782439813	0.3723629985094835	0.0

0.48904481157699875	0.2365121220087813	0.23655758663615603	0.4163782224983391	0.5796785411927128	0.4718989779610099	0.4379739897411139	0.4221130724111619	0.4729919232428646	0.3125435292786528	0.5289009920029457	0.5923531883510205	0.0	0.17683446953177115	0.0	0.09026860360047505	0.0	0.2569055914110699	0.0	0.15023817446446208	0.0	0.25191925981270036	0.4732505015206156	0.0492221808846277	0.0	0.3153611016622413	0.09191812411284928	0.19689697994210756	0.2276150911783626	0.2052917531540272	0.3043187335746125	0.19142972315726803	0.0

0.4879235590784281	0.4908630345495554	0.4431171714149765	0.39778291268761534	0.2818260479926869	0.567808863379565	0.5619077040428544	0.3624633522671556	0.5171341522903794	0.2804285842485026	0.36956653957861296	0.5065237953903976	0.0	0.599846383026296	0.0	0.31169733771808816	0.0	0.42230677107735226	0.0	0.410970393617328	0.0	0.621496488781573	0.4135166243684365	0.11937087573464926	0.0	0.3909847731137017	0.30140909970548213	0.36768091210516013	0.4299814195338634	0.37551919456263605	0.4784998700261715	0.37480524975401724	0.0

0.4446056094624218	0.48424983237864505	0.44666565350931586	0.40201860405425693	0.2968771553221628	0.5622831404293912	0.586140869458507	0.32393318819676875	0.4914516056684738	0.25019063879516984	0.40440324215953105	0.4253945641115089	0.0	0.43568682535147324	0.0	0.24566760743522714	0.0	0.4689339328478772	0.0	0.3563312940258009	0.0	0.561420074551497	0.39403582677980353	0.12788751686397198	0.0	0.38567385107283664	0.24434534579837508	0.36433903167994275	0.43872663176548354	0.4355683098481975	0.5208175601078027	0.40167876876974024	0.0

0.7233776642741948	0.4417851425065018	0.39432262278720287	0.6941524813046751	0.6687044295558731	0.7103338919597202	0.6660116561284705	0.5478216183910432	0.6800525148911667	0.4392356674304781	0.6424876467740894	0.7701067960617111	0.0	0.4740978363032381	0.0	0.25401629752953947	0.0	0.3840174571729032	0.0	0.39263173604906193	0.0	0.48578990139479794	0.6706010845605854	0.11133791215492805	0.0	0.5191063242855466	0.23098221038120603	0.33319334605456435	0.32974061466752336	0.36244587523660476	0.4257916069776807	0.2816204530887861	0.0

0.31508207154749535	0.34889482434597574	0.3446379891729529	0.3153518155602777	0.21633363288134247	0.3957219266081497	0.42999055270936015	0.22858845476675083	0.38646754269928085	0.16871726974792708	0.2833563097402587	0.3570224336680847	0.0	0.36717793525062314	0.0	0.17715871733437705	0.0	0.3371674267502235	0.0	0.2944041059566178	0.0	0.4144707388647334	0.29147650404066605	0.05087432693751141	0.0	0.28326946813783394	0.2506531026990226	0.31478789668111684	0.37347408185802355	0.29026652902068695	0.37865330438707345	0.2856463105582562	0.0

0.6916360807248612	0.5349595871190359	0.41376357156593696	0.6245637991894608	0.6314333365336108	0.6943904437111618	0.6536980522263893	0.5365969669853472	0.63531901906623	0.4349541402496053	0.646703485704945	0.6924613709124587	0.0	0.492992548616022	0.0	0.2861048200060722	0.0	0.4545063713533377	0.0	0.37550213163508805	0.0	0.6008090686378549	0.666576465948336	0.1280495615407524	0.0	0.48852731719517567	0.31459953095351134	0.3642847914370025	0.4534643280600562	0.378568787003448	0.48971997446555066	0.3733648791705909	0.0

0.7846918433526517	0.5909531976715298	0.3700332793538521	0.701389147611253	0.6607928028833823	0.7166185658290457	0.6562190538501937	0.5839446766359774	0.6969970931289263	0.5157290857626492	0.6429338945791863	0.7780865977174145	0.0	0.5999014801687631	0.0	0.32756611126353086	0.0	0.38567463872961844	0.0	0.3984725914786784	0.0	0.5555434468313176	0.6795812842914951	0.07932667387352975	0.0	0.491010567022405	0.1849435467364164	0.35609837428416835	0.3657857149952102	0.3334695173832255	0.40636992515904174	0.29272511067238316	0.0

0.6640933290317399	0.4333488995254051	0.3880772674394929	0.6340117470325882	0.5965555693463175	0.6396163772920886	0.5708717419501429	0.45412563138561846	0.5557073876649051	0.3901762163856868	0.5575310104869803	0.6808594237207679	0.0	0.4657130087023367	0.0	0.24563146992863805	0.0	0.38638441446850447	0.0	0.3583545175368546	0.0	0.48659703045189895	0.5889769257847774	0.10613716203531827	0.0	0.4444699595361955	0.20478721589407645	0.32968304153950917	0.3150185365407088	0.3377683589510979	0.4478152978195255	0.27582346061573293	0.0

0.6479685774344532	0.4459548662074545	0.41078005956449865	0.5193132742847567	0.5747472920972038	0.6098283643218759	0.5589457861474814	0.47198455641855075	0.510822304853922	0.37977923345182024	0.5920518614904182	0.6360115458886666	0.0	0.5556331155718403	0.0	0.2946671704815663	0.0	0.42235285062374406	0.0	0.38205399145384034	0.0	0.6044856574828724	0.613399048291555	0.1288275180186109	0.0	0.42211933384585565	0.1960458107260009	0.40606974482318026	0.33142117040773994	0.34808158084241586	0.47302682789847994	0.3231805327757013	0.0

0.6444253306107776	0.4507164429135151	0.3630644353649053	0.4911452788214801	0.5611448997682538	0.5947771007383912	0.5701839506227946	0.4424793840034563	0.50980411751545	0.3582033873114987	0.5740073666532661	0.6251262237330315	0.0	0.5539548414605995	0.0	0.2918978758485169	0.0	0.37741032274429254	0.0	0.34115929640070236	0.0	0.5441070360423781	0.5824100655308366	0.11147243157334297	0.0	0.38827831404294294	0.16430616260884845	0.3861039882001631	0.3223653673798311	0.29997915645002426	0.4082277887181797	0.2802773427138297	0.0

0.6166342172062749	0.39071739106209613	0.3120140411031253	0.5095407410401692	0.572048593748375	0.5931039165837051	0.5245828636749595	0.4359254545375615	0.5645578398739343	0.4662309071448357	0.5544963276138268	0.6809835572335639	0.0	0.44609887528896763	0.0	0.22125906131212414	0.0	0.3237858531057887	0.0	0.3039631193343349	0.0	0.45701070669137617	0.5462406569124227	0.06102752561212264	0.0	0.4072851834865705	0.15028547751532895	0.28893360753006847	0.2763442654330676	0.24720176069092129	0.35071474040072836	0.2146832490152824	0.0

0.6190728699968457	0.43653730550698755	0.3514447503280693	0.4856630603199005	0.5562665085898943	0.5929063867704931	0.49219745706863605	0.4288830136672742	0.3874677235716114	0.3689358127041209	0.5365137697912656	0.6515130832821856	0.0	0.476333840420348	0.0	0.2577649712852329	0.0	0.3590471674585486	0.0	0.33377897448629235	0.0	0.5090146445063801	0.5330803907714861	0.0830494603567511	0.0	0.41459542590199394	0.18815140770913735	0.28418126743600264	0.27504701302593015	0.3069730354438138	0.41635726078530233	0.2682920078175134	0.0

0.6853992660681937	0.3979551496009536	0.6716775156806432	0.6095805149885776	0.5957255922864821	0.7798325528121808	0.6744312993086006	0.5111587238713942	0.6608367041436014	0.4235995927520343	0.6064127914821928	0.6788338526993725	0.0	0.5627348229283192	0.0	0.2841285091813586	0.0	0.46131875202603256	0.0	0.46363828487573006	0.0	0.4956035771903144	0.6415094155028886	0.0993136912276254	0.0	0.49817461986466555	0.2026038096767189	0.3106494373176219	0.32965896077849516	0.3296984924629853	0.6330501841337045	0.32062869969016666	0.0

0.6274661171492353	0.3581059733404013	0.4724881099320506	0.4470005878656051	0.541722125357476	0.5572546903775819	0.5147385926336345	0.4373375380737046	0.50899625121226	0.29481966646472635	0.5969140256003144	0.5880363077445013	0.0	0.45004336600544326	0.0	0.5940974509940045	0.0	0.3246822880007213	0.0	0.29784486537293176	0.0	0.4683633768963643	0.6000664309987724	0.08324722961331554	0.0	0.3638485619189033	0.14773143438184094	0.444874950813547	0.2716936298210949	0.2709514753536422	0.5592223733615128	0.2645196355672731	0.0

0.7103799301382876	0.48128630995621874	0.4893691377555748	0.6220208100617998	0.626224545018701	0.7858664649331457	0.6560999208647189	0.5030837300154317	0.6226801219870288	0.4284513243778123	0.6099905521162674	0.733578039889434	0.0	0.5500055984746517	0.0	0.3013744084820841	0.0	0.48510828633450453	0.0	0.5290559775308519	0.0	0.5565376472058697	0.6308264445034468	0.13265007852298183	0.0	0.526386863448495	0.25572642917112176	0.3331923105421888	0.36429076342089695	0.38984328951681857	0.5781629323429345	0.30759968951739347	0.0

0.4723010672301494	0.4761848026447748	0.46420296391419225	0.38656734185070496	0.24962569027365852	0.5827730411488141	0.5099456195430031	0.3199163454899252	0.4821238802668877	0.27173053405828196	0.3522448918271297	0.5987698368003953	0.0	0.6108321722665464	0.0	0.7324748370618013	0.0	0.4682867017185487	0.0	0.5124688299093663	0.0	0.5973173606383377	0.43789564821526944	0.0938485119070337	0.0	0.3745108809678117	0.20953381567205226	0.5455764755454754	0.3380258947705099	0.338801702195742	0.5189622019188288	0.32858020255593756	0.0

0.6740213144527244	0.3806348408483367	0.5885064522032608	0.5514625387955967	0.5954049622090885	0.6600493255390127	0.6112620551606387	0.49390104720209177	0.6171554166783616	0.37999960504187424	0.6620673825683723	0.6551506264120965	0.0	0.5209654268045872	0.0	0.2598533630766647	0.0	0.4786736805310515	0.0	0.43446696349531017	0.0	0.5097506121210328	0.6602303464549675	0.10376547400754257	0.0	0.4426961269144233	0.194696575001871	0.5005205328603741	0.33628449890290046	0.36383603251841556	0.7044273495161375	0.3344931533888885	0.0

0.6300393464289171	0.3916953967869511	0.35444227965254205	0.550116253461347	0.6358530956141445	0.6414702917448151	0.605642611145945	0.5078118901610679	0.5827886143432567	0.40487805100883634	0.6200121463981012	0.6812347109661854	0.0	0.415247365979342	0.0	0.2400027684807448	0.0	0.4167511633282119	0.0	0.32156376781531015	0.0	0.4919021360629989	0.6218071819414799	0.07989062628311167	0.0	0.44254225548334	0.19459475266525772	0.34819475631662855	0.3403266286853798	0.33306238296386137	0.460403868588397	0.3525869420231027	0.0

0.4387361814929338	0.38509720774934453	0.5465862179378638	0.33855320232045044	0.26455257728409143	0.45635282346699246	0.47647080316071366	0.2765232910126628	0.4745507101817801	0.22240003722565432	0.33553601268696565	0.572050541812035	0.0	0.5321868206514825	0.0	0.7107580781645869	0.0	0.36995957464390256	0.0	0.35347298211051026	0.0	0.4848261089507849	0.38800417960945355	0.09931363155898526	0.0	0.29881166740240533	0.1668951531481497	0.3477132332870609	0.29798332058075794	0.28012174078213414	0.5723601872620997	0.30910067194674357	0.0

0.5193391635822091	0.3258775883046293	0.47480227068403735	0.4861738284871357	0.5451960034688992	0.5265595534556308	0.49857741367513164	0.3855491011632306	0.47169033779822556	0.31039199234297954	0.5400277628393406	0.6147737848779165	0.0	0.2921638236333969	0.0	0.15643581083607822	0.0	0.3364050460040644	0.0	0.2814771835527705	0.0	0.35420090015439953	0.4868318372906574	0.09188691904062268	0.0	0.3923503567861895	0.189828023537486	0.2819377987590694	0.30801910843146507	0.31654737343020684	0.5665601563318102	0.25133744464158214	0.0

0.5920311084144257	0.3558656718509511	0.5904056630304889	0.5175199367233896	0.5579362592642788	0.5966173998988867	0.5488466995528283	0.4182807166540379	0.45854692266303776	0.3346332465275914	0.631648602940091	0.6337303699858391	0.0	0.337139384315407	0.0	0.17727736641328498	0.0	0.4379278971761753	0.0	0.38681123612121704	0.0	0.5711919528380457	0.5701179703840493	0.07826432631447947	0.5492662189339528	0.4066427031660486	0.20873114686925834	0.47185433265991833	0.34800323502295416	0.3270855599412045	0.657002295447572	0.29701700277615206	0.0

0.249873920052539	0.27167555760085765	0.24124051866279772	0.32383125007504243	0.19619803272934389	0.3108311278787228	0.3217913176906702	0.16731383701543634	0.3276131230284373	0.1466490474278484	0.21949407438321156	0.33492338626596724	0.0	0.3360627502554159	0.0	0.16331800669519214	0.0	0.27191392099800743	0.0	0.2602001580024176	0.0	0.368773613887678	0.24931218526751145	0.02734382375146846	0.0	0.2952987634952463	0.16143051961368574	0.288211671310159	0.27270583426365236	0.2707726929278953	0.3193937949505476	0.19945308331222494	0.0

0.5190544284535643	0.3022696918870074	0.363759053775473	0.4762667618273412	0.5238994807320162	0.5204868057029348	0.5189925727001079	0.37040100227051076	0.46543888165945907	0.2863670530129718	0.4882580286693221	0.584358037954356	0.0	0.3601163934651738	0.0	0.16858450591034416	0.0	0.36501641872513046	0.0	0.265265738618279	0.0	0.3771269453324085	0.47854961069891994	0.06706972056009092	0.0	0.34517426322253186	0.16992404192609656	0.2761010797616082	0.2771656515365703	0.24489592636342064	0.3706077818924033	0.20626063895368463	0.0

0.2477356996500469	0.2935675294944029	0.2938481673388098	0.39898576373034655	0.16661980965948614	0.35111727482669436	0.4089103936440427	0.20217944467980592	0.31427977547065467	0.13928337395122875	0.19493445699416362	0.283252555337415	0.0	0.3318430879604649	0.0	0.14450199962480445	0.0	0.2622141069910417	0.0	0.20865259036190986	0.0	0.37386067101753073	0.2083511556668717	0.07107615559362201	0.0	0.19327719053563164	0.12853318282687914	0.23635818778884643	0.2462227659465977	0.20779518076087095	0.29189111371816706	0.1956520418488783	0.0

0.6323412025726607	0.4067565946676842	0.4015856210805721	0.6353944255242392	0.598850411859956	0.6374713791091453	0.6602025551274866	0.4903212775221756	0.5871301778423912	0.38318963876581724	0.6143571036443841	0.6585671731909479	0.0	0.5140497086629838	0.0	0.26550132591630965	0.0	0.4219269306616285	0.0	0.3542393517478849	0.0	0.5508339866794876	0.6192670588951832	0.09613048755454552	0.0	0.43871699771538286	0.19027740577898644	0.332629483972506	0.33640777587831416	0.345915174948339	0.46715904442177936	0.34341405028624494	0.0

0.44922065489369734	0.4019647379350407	0.41253417621299004	0.4033961324180675	0.23202911946240823	0.5796786503003877	0.5729513860143973	0.3242579975524763	0.43620326236078844	0.28357602890261563	0.26123568073457654	0.5371421603823019	0.0	0.6227263750839647	0.0	0.32032868532128	0.0	0.4380801505896244	0.0	0.4199191716691838	0.0	0.5281239068559547	0.36266919416587373	0.08049694712669168	0.0	0.3397621456249433	0.22002677050887062	0.32795471132668946	0.34933489026653863	0.35176482904732975	0.4244614530434613	0.2881761377231715	0.0

0.5999650395458046	0.3203802976176166	0.31428995168621277	0.4833844220257337	0.5937774671256464	0.5827088038329783	0.577113839875426	0.45065872974563087	0.5012495198236513	0.3818272993652726	0.5105097469979405	0.6083800937834473	0.0	0.43012698766443885	0.0	0.19412753849231262	0.0	0.3223922785170118	0.0	0.2774321491445003	0.0	0.6072937323837488	0.5105783235565926	0.08486284432285549	0.5925251468356227	0.3712182318627487	0.14818179045773144	0.2593073923552761	0.2507185133943343	0.2632726526696355	0.3490202587560256	0.19717797011120936	0.0

0.5359536272221417	0.2881703153067451	0.3173698465188969	0.47892388819003756	0.6018603870745193	0.5979590561019965	0.607098936471737	0.4716730356498887	0.44781596588138955	0.3678135267294165	0.5546080955628907	0.6561881019099275	0.0	0.19903910510762543	0.0	0.10862418179511185	0.0	0.2892737970149706	0.0	0.20387975896493485	0.0	0.3403479263822735	0.5173628507827643	0.0865934567476235	0.0	0.39332192369673447	0.1542992877136981	0.20072841800697402	0.25107462614831283	0.2459687477075462	0.3448232139056989	0.18608255646115637	0.0

0.48372699609434583	0.28874244116464964	0.2551353358076677	0.39632322951989585	0.48723725217868585	0.47201262557606216	0.39007990938037607	0.3582360631739471	0.33724067268385594	0.41969496469936346	0.45054946665961726	0.5497514503431944	0.0	0.3882689233928222	0.0	0.17042342534645621	0.0	0.28491303809301616	0.0	0.23083754693423264	0.0	0.3692517204730482	0.42813864141182845	0.0439800557785741	0.0	0.2896383735424271	0.1206121299434681	0.2387539267587758	0.19756665733568968	0.20363681234926267	0.2966689156902528	0.1498056439198167	0.0

0.5289398515694442	0.2818735026295208	0.3277677881916442	0.4505667856206438	0.5009426501281267	0.5633628046277577	0.5240862402702527	0.3591488435211866	0.3992662337851488	0.29374025881954097	0.4686976121916778	0.5732440708198016	0.0	0.6141012764781435	0.0	0.20421615330210935	0.0	0.31287635663429897	0.0	0.27026390482581386	0.0	0.3988410320557216	0.4576164653399165	0.5834215248488209	0.0	0.30853814400482055	0.6037355296434362	0.2627359973563489	0.5205346205759391	0.23808386746768942	0.3185760432645534	0.18341317706177768	0.0

0.5358829730727204	0.2875704317765597	0.3436660435298804	0.4449097503792662	0.5352182419758403	0.549010944281384	0.48207241829329295	0.3859484681034472	0.4787688315907598	0.3087332105060627	0.5041237666633049	0.5918994319370355	0.0	0.4162530337924508	0.0	0.19840753574608483	0.0	0.36402007328613256	0.0	0.32950002177933546	0.0	0.40859293148620496	0.4795282870296655	0.0892839473722046	0.0	0.3214971461078481	0.15643640192297947	0.27620708440247443	0.24818591964963785	0.2469382125363482	0.3694020715922806	0.19330182679932972	0.0

0.6721048405869664	0.3105578647774856	0.5025631836225424	0.5283384371445097	0.5590026485754302	0.6270289406827732	0.5697864694307464	0.42794525057328553	0.567283495544249	0.3426956881646228	0.6047254330793622	0.6353359544142291	0.0	0.5157776742542645	0.0	0.5866899594777607	0.0	0.3991926969809344	0.0	0.4096466430943311	0.0	0.4404034107172766	0.602145045075653	0.06675111160029194	0.0	0.41051451260213273	0.17694470031337367	0.44710043529580545	0.2728299422195812	0.26293431038670306	0.5565057659266153	0.2403128403141141	0.0

0.706620860059568	0.4158028423697847	0.345258457131657	0.5326403157486872	0.6423258137071233	0.683530415416348	0.6330931999874194	0.5045755903473816	0.6083944820889184	0.5490768137527	0.5716785935572598	0.6780038951216243	0.0	0.6472309641064515	0.0	0.2494210218376518	0.0	0.34785729080528577	0.0	0.3082630435920013	0.0	0.6407700918485266	0.5881798746570891	0.6650543454558862	0.5506774547690705	0.4332167066478032	0.6055778201316121	0.2834113875378204	0.5409641190932757	0.29135443218214874	0.38168962176996035	0.2518573624214206	0.0

0.36319749623840136	0.34110915065839387	0.30145395436375766	0.2810326956159172	0.2144154120825315	0.4176493067493998	0.41645327211113925	0.2634059676783535	0.3382469970295616	0.20507156459015818	0.33749381418615687	0.3244337424542546	0.0	0.32324115886463556	0.0	0.16489181060109717	0.0	0.32285022966711413	0.0	0.2496975774474181	0.0	0.4197896721320693	0.33024983725516505	0.07999253699962094	0.0	0.30355090175896726	0.1722050002735545	0.4630822137157041	0.2916174729616816	0.27599594727683163	0.34927451511020274	0.26137825880456134	0.0

0.41774741504769847	0.3990144333037017	0.3327524960519027	0.25680868785294	0.23783988483232765	0.47127599072571635	0.4621080139992402	0.2934265466747532	0.3512397768024807	0.2449541664132868	0.3709665741892119	0.33021530067762317	0.0	0.3377484937428108	0.0	0.1793991454792724	0.0	0.3110439531920841	0.0	0.2662782311060807	0.0	0.4306769551931138	0.3649943216777405	0.12161943801952656	0.0	0.4390329977673246	0.1561263895953656	0.47063965591044904	0.28448598024157157	0.3004670249459615	0.3885079083541705	0.3085050051405757	0.0

0.6052239129454612	0.29890080411860853	0.2684513080083376	0.5371811510050453	0.5787675002527198	0.5533932194047102	0.560535568197482	0.4459274761947708	0.6047655675697534	0.3617154493448633	0.571212556267094	0.6510510589812094	0.0	0.47074559523013265	0.0	0.2347461460580064	0.0	0.3398318596279008	0.0	0.30480735644888257	0.0	0.4397827788257854	0.5570364337912027	0.05390444902853087	0.0	0.3907716974735027	0.1658498734100818	0.2918640925364524	0.28993675419714227	0.24889115738729756	0.31219914985608527	0.23392285553038633	0.0

0.765791858428936	0.34019834389547987	0.3678146170415028	0.6321025769775672	0.7237761982212262	0.6779422943785351	0.6614008137274235	0.5290523951223158	0.6778685698173206	0.4746734998252682	0.7695316773637566	0.7604549318633058	0.0	0.39302744370686954	0.0	0.21728305140005794	0.0	0.3843417402492911	0.0	0.31273170255155247	0.0	0.397443974216086	0.7414020613695425	0.06211964655237377	0.0	0.5740129153320019	0.186898589069312	0.5162315237470758	0.3585950328276674	0.32281917866292753	0.41082689730162614	0.34092957283138947	0.0

0.522689770345852	0.16539727201950324	0.1780712989811461	0.4835687398325656	0.5906867501945701	0.4627436373707766	0.462076000420712	0.3867762755402949	0.4902555852733692	0.5659629684322306	0.5157705800471943	0.669501963950819	0.0	0.19604177800461736	0.0	0.08896287619034147	0.0	0.22156404680299185	0.0	0.16429817710045733	0.0	0.20293468467810213	0.4896422404122168	0.02069524641683357	0.0	0.3916977903881048	0.12269763809375173	0.1912306253049647	0.17293792673831554	0.17571666100111308	0.2034472575114084	0.10052825559394588	0.0

0.41220071344317877	0.43204705343575156	0.4098493561844495	0.3493860506321258	0.29999015017851743	0.4975181322544918	0.5176277272423907	0.3169117611801345	0.4350648782046672	0.24527363636384528	0.3006695222795719	0.4505369133807805	0.0	0.6521084972430427	0.0	0.2413749484776511	0.0	0.3963944245464995	0.0	0.332733758907104	0.0	0.49676986658980266	0.3698653255472475	0.804964483294996	0.0	0.3002910792309807	0.7163138790474318	0.2846569938064609	0.6230405342809673	0.34039908373628114	0.5056049310005863	0.3398735820079305	0.0

0.32004153914893163	0.26154678515166757	0.5058992032304961	0.26641318189631247	0.19415234518230673	0.3831870395467859	0.34460066063842426	0.1769737621659696	0.33064416794902757	0.14530351644580805	0.295236985895962	0.3151051763579435	0.0	0.30561106029584567	0.0	0.5532816440051251	0.0	0.3560578460384607	0.0	0.3298863492887501	0.0	0.33599406703356205	0.3033403687949978	0.04796559997717103	0.0	0.25396354796961573	0.14436656942235288	0.45368556689034845	0.2706433052045588	0.240663706798912	0.5604768705342934	0.23151679193081823	0.0

0.5336394094515966	0.26286964657228395	0.28585357286614455	0.46963435654745433	0.5783631724692746	0.5478976103908505	0.5000654903642902	0.41758064505291337	0.4924757632505984	0.46355731095290387	0.5107404172408339	0.6467016683600835	0.0	0.23289813606289725	0.0	0.10470598781348289	0.0	0.2504994302486411	0.0	0.18863608050317604	0.0	0.3292172466705818	0.4795041049308287	0.06344218992916022	0.0	0.36316570360019496	0.1333797810628159	0.21157782735859462	0.19906250199131373	0.20975496230773508	0.2885933334483364	0.1728728117225506	0.0

0.7279053103599329	0.4016539034942611	0.37002249884677557	0.6408918547365438	0.6227609703513003	0.680459772650454	0.6554638616077513	0.5546905007430885	0.6811549328527939	0.4539095292894014	0.7244892915940473	0.734143232758649	0.0	0.6258108452311346	0.0	0.34720453148417396	0.0	0.48151336390734684	0.0	0.4414689558613393	0.0	0.5268800750396111	0.7207030467682796	0.06098699509900405	0.0	0.5208045002965943	0.23624538298863543	0.44643053697303836	0.4197395792721441	0.34841602835711216	0.4680597364489194	0.33200280000067817	0.0

0.6793539990194473	0.37006727947089935	0.3359589099543263	0.5477529301473969	0.6085787931041509	0.635522773721612	0.6161411841944744	0.5112248998331133	0.6136286729332896	0.38737102552889124	0.6811529690368932	0.6629094742036044	0.0	0.42648600863116654	0.0	0.21658674037975106	0.0	0.3978764332374718	0.0	0.30760886276721383	0.0	0.4581211456493266	0.6801618126767142	0.11409178871979021	0.0	0.45120068274984626	0.19719436041771227	0.466538439165171	0.33098685406857087	0.30276444750297454	0.4488111355886246	0.32130478451262523	0.0

0.6003443084961557	0.35777830017725176	0.2912717783979351	0.5182099772724924	0.6169860260158375	0.621883972415038	0.5996292938678152	0.4886872823577302	0.5783626110726083	0.3862148202803054	0.5958478544713255	0.6745771193486088	0.0	0.3594232955027836	0.0	0.18516588230397624	0.0	0.3649997737647545	0.0	0.26924287219870324	0.0	0.43356973476159366	0.5800248885822874	0.08332042201129711	0.0	0.4670484381106847	0.17966416855748424	0.305966476385922	0.32147450132351013	0.2800784308599945	0.40567601867849923	0.28570183063524524	0.0

0.581095759259203	0.3167603572520339	0.4284907489251704	0.4846456288375089	0.5683116004377696	0.5871352704916818	0.5482604380408324	0.4116150030515331	0.5079223927099545	0.33113753050493944	0.6228549740059737	0.6005375015113	0.0	0.33134608094787227	0.0	0.15560168864106066	0.0	0.33299114664219354	0.0	0.24711108735545356	0.0	0.3592634174875717	0.564441077346546	0.058746061853951294	0.0	0.4115996104643472	0.1506756105872989	0.4571710681913719	0.31044455155104766	0.2773111096501107	0.3438388050873942	0.24758166636712586	0.0

0.6163650857747749	0.40765421271814434	0.3689308792531325	0.49772182976448825	0.6387077151271737	0.636126142065663	0.6482369706000439	0.5264551744668938	0.6113466233366369	0.4136553648571857	0.5953923175444631	0.6329360945371112	0.0	0.2431782344889868	0.0	0.1280150721155043	0.0	0.368747152227069	0.0	0.2838424686419304	0.0	0.4677043539611915	0.576792643647873	0.16553844637624213	0.0	0.41213601126236954	0.16917544321368122	0.24900224417418915	0.2969734247136432	0.3607129202153082	0.5034175907287183	0.3227098476634496	0.0

0.5193246315657528	0.327586136430445	0.33954917130631057	0.44768939219709786	0.5515208171937829	0.5428877364829716	0.5225271289854228	0.4258909854297122	0.47715091928240233	0.3224373821954465	0.5235043115235891	0.6062588080555152	0.0	0.2672261790231445	0.0	0.14150938881215347	0.0	0.3040235755071702	0.0	0.2494217645339626	0.0	0.4005823904751047	0.48257054642543246	0.09748582578490726	0.0	0.35909881621169626	0.16731884350972387	0.24467890948309123	0.2765119264779421	0.2846865716341619	0.40962379130262816	0.21692893130063984	0.0

0.5526951060622556	0.28789052222110467	0.2824710291558713	0.48722597331986384	0.5871919841994295	0.5558785098251167	0.4987794779911094	0.3993152402218073	0.4698104019552229	0.3415022445570557	0.5308073628365179	0.6197966959734993	0.0	0.2683475571700459	0.0	0.13261954437272722	0.0	0.29701210767188513	0.0	0.2220783971007538	0.0	0.31392492968538943	0.47305215729206374	0.08182305654623762	0.0	0.4226945547017602	0.1515647655037407	0.24141060082537455	0.2394948432081155	0.26505309577425895	0.3180284307309903	0.18869936427202616	0.0

0.5772942514716245	0.29678891605231994	0.2733783819516976	0.5221196075522105	0.5598726619303391	0.5712965917904119	0.5037838282577745	0.4080385219525845	0.42194048911575444	0.32075750253241975	0.5593154003982228	0.6537032759799137	0.0	0.3939441452500506	0.0	0.1864993753164803	0.0	0.32972940121954	0.0	0.28881984068836597	0.0	0.3661793030982775	0.5450673928152129	0.05222715687998532	0.0	0.43533775993838475	0.1666585694564998	0.3707574294371417	0.28413477759077355	0.2610727388044193	0.3605022032389579	0.24854654124786457	0.0

0.4380950033039911	0.15153176111646274	0.15938265329378504	0.413298646206897	0.5309979206649786	0.5642532116966475	0.3917515832756012	0.34506982849872325	0.31228197074881997	0.29626892647190717	0.46168702414013685	0.6075497197736793	0.0	0.18226328867931066	0.0	0.07518438686503476	0.0	0.1954901584409599	0.0	0.14704766147677545	0.0	0.1909345645913897	0.41487929930315365	0.012067667561632078	0.0	0.31497061587374237	0.10505640209248157	0.1811919706739158	0.14783083171721734	0.14414719508823678	0.19431670344788154	0.0988787717394139	0.0

0.6834665386503536	0.4571020310259428	0.36986119981711285	0.5403953880908043	0.6440909219515994	0.7419443534922282	0.6098668312719309	0.531473415458376	0.47332565408587846	0.44751115536544006	0.5940270781796271	0.6646090877439763	0.0	0.4276215808788829	0.0	0.20754004210518423	0.0	0.3773032166393616	0.0	0.29551213993756054	0.0	0.5190901084697701	0.5848607740238796	0.1432844084507745	0.0	0.4399239047571443	0.183301722124955	0.29068540449022706	0.32714840920544325	0.33318924820732526	0.4291717747875716	0.28870339467563355	0.0

0.47150943100560583	0.30771056708041017	0.32784558919962153	0.42140898228512347	0.5275766565920956	0.49993730831552663	0.5127959065049619	0.39397996093398246	0.47500119480075736	0.2921617659457746	0.4981032383704752	0.5758910430729197	0.0	0.2906446003042733	0.0	0.1291750336068962	0.0	0.30274872351946014	0.0	0.2320452593845861	0.0	0.3819448131286522	0.4664380040476017	0.07892420264028405	0.0	0.314855677157612	0.14114351401564507	0.23886329983755444	0.24234187284786257	0.23544099357149834	0.3401602740280356	0.19883072181728148	0.0

0.607809391235093	0.3969873673002522	0.2770809141851	0.46731280787664753	0.554476192429614	0.7192321662949317	0.5395684627918759	0.4484275649965323	0.47788292043256664	0.3436749472774152	0.5430104417828765	0.6525335170422015	0.0	0.4362973960574493	0.0	0.21621585728375067	0.0	0.345224118682232	0.0	0.28440399725362897	0.0	0.45492085757017725	0.5568887768469918	0.08526846273223351	0.0	0.4312157475280972	0.1584929253361263	0.2959612318112555	0.293619516284351	0.25049585377864686	0.37413077972845915	0.24358754769207702	0.0

0.29817587985886984	0.2875096889399925	0.2894025735017507	0.29542261591276536	0.2751639598993838	0.38752379933496733	0.42157429032050525	0.29321080462414245	0.40706066589251344	0.19469943026101033	0.3031582121030899	0.2532319131667332	0.0	0.22865979084696642	0.0	0.12309355867127414	0.0	0.3669811427361578	0.0	0.26667879642210374	0.0	0.3484440699211586	0.31933311977018214	0.14152076435318933	0.0	0.24601655091294916	0.1825151119832105	0.23410891512996865	0.2788764195979737	0.2683216628599091	0.41134094134919486	0.27431935936725504	0.0

0.6898691437520159	0.24630529363965592	0.30360787009093215	0.6850097513328778	0.772125910632018	0.7008302786888356	0.6672746669285986	0.5911698182506746	0.6642544510576602	0.5063027632333923	0.7085089536415456	0.7774558591627134	0.0	0.22951021205357075	0.0	0.12394397987787847	0.0	0.3562555292147464	0.0	0.2523851011968702	0.0	0.2781198921935406	0.65957736309524	0.07233436783302458	0.0	0.5452827271677694	0.29383629502419645	0.22934117765455886	0.2895139928778795	0.2878132993549126	0.41557416923425816	0.21765790386168082	0.0

0.6221985025367065	0.33590366583209896	0.22636670958845595	0.5061276974067259	0.5969103435082341	0.5427272660357059	0.5294075517500456	0.4422854782140809	0.5370926443939942	0.3621077139258287	0.5497904323856331	0.6788692415608331	0.0	0.4053724225679648	0.0	0.18680355343284974	0.0	0.30702097816600077	0.0	0.24719485501008984	0.0	0.3807217606429616	0.5576746792144252	0.048357747329362044	0.0	0.41204824089524894	0.14242815554435895	0.2728291873494214	0.22867313367647746	0.20833410020099202	0.3258364691496609	0.1895913662381634	0.0

0.0	0.0	0.0	0.0	0.0	0.0	0.0	0.0	0.0	0.0	0.0	0.0	0.0	0.0	0.0	0.0	0.0	0.0	0.0	0.0	0.0	0.0	0.0	0.0	0.0	0.0	0.0	0.0	0.0	0.0	0.0	0.0	0.0

0.34649011429550136	0.41002099497957667	0.4086152780262251	0.3188193065587815	0.2755999277817787	0.454128716643858	0.45121967449348865	0.31486593220765324	0.34327813409730235	0.252932615311052	0.2681154688688076	0.22114556998283771	0.0	0.2915608976375532	0.0	0.15700292538973895	0.0	0.36299517178845486	0.0	0.29262918400717125	0.0	0.4557188957667978	0.30080394145698175	0.20926416329899472	0.0	0.2912669819195141	0.2013765606785328	0.1809455988872902	0.25400259024092875	0.3525360184339176	0.5672411672241486	0.29773184223287097	0.0

0.5242752904712983	0.3145089831514376	0.27504443262479156	0.45178802586803457	0.5693388145662683	0.5769108251878377	0.517612909309336	0.43020660503860186	0.49765349945418086	0.32116283290526826	0.541184963458565	0.6073730028628453	0.0	0.23534635792715258	0.0	0.11658434672949874	0.0	0.30538948821926104	0.0	0.22453723078236104	0.0	0.3508609757360024	0.4997713631201206	0.10952147723158037	0.0	0.4188801527103715	0.16130214926125103	0.2218102911684228	0.25026714889952983	0.26071354369845967	0.362390852586272	0.22022069385089044	0.0

0.3831675724407499	0.13296275666192395	0.08752019818215927	0.30903554704880154	0.4813740768456941	0.2939553527514069	0.30211261772175074	0.2606963130818277	0.35258002776074737	0.22919191698848018	0.3857316080758984	0.5713253649456015	0.0	0.16001032243460253	0.0	0.06256456965704044	0.0	0.10823515239523798	0.0	0.07912304810815828	0.0	0.1957140755248945	0.3509795596725784	0.006520700925422873	0.0	0.2278931869319728	0.05960780676257741	0.16610725900126505	0.13949191182741671	0.10780178893066777	0.10150405333358893	0.07595447527053989	0.0

0.646881416838321	0.3877167679931216	0.5085695116267555	0.5463064436142487	0.5821613754070444	0.6643210843392569	0.5830631670897088	0.4430869295354518	0.5335795166554838	0.3652979296757961	0.5583844088787036	0.6403507008109011	0.0	0.5404023383775169	0.0	0.6371367111719238	0.0	0.3956261529672986	0.0	0.36781794766709736	0.0	0.48984965651585743	0.5603652666656516	0.10588520256065911	0.0	0.474542491826787	0.21247444059975598	0.3306994722973962	0.3461374010557243	0.3326260829427116	0.5725562010860853	0.29879544896597643	0.0

0.45013184882833746	0.14853500011767076	0.10991553846743035	0.4225763839033925	0.5444571445859254	0.386091819860911	0.38794173944091975	0.3354165471563395	0.4203848062895147	0.3009834668485424	0.4695409744385497	0.6256031602907404	0.0	0.1771781406800752	0.0	0.07161190850438293	0.0	0.1489149937149028	0.0	0.10564972487342461	0.0	0.18674525769398853	0.42555073561435364	0.006694117871165346	0.0	0.33148134539131413	0.10427096327096959	0.18011400115935652	0.14229772218893075	0.13780243498069206	0.1194216395312186	0.08795440500275774	0.0

0.5716114479627469	0.3110016125289947	0.3316565901962344	0.510140739461574	0.5446642157786863	0.5703908567866578	0.5125970051417166	0.3945970586265395	0.4502024104839827	0.31611660941770964	0.5795026633297625	0.6237212347167356	0.0	0.3201986986673483	0.0	0.16033668076522622	0.0	0.34779886835444895	0.0	0.29420676286712033	0.0	0.5526052989955132	0.5402522164285679	0.06236439287880799	0.5832598094644121	0.4349232172724562	0.1958289343811338	0.44890189763521504	0.27692135969758935	0.29157805883072435	0.4370990777292699	0.21885289688203763	0.0

0.6351384515952105	0.3163326021769629	0.29398271801073905	0.5103848916487012	0.5959328014134423	0.6519331788628124	0.5521574203519188	0.45735407902344893	0.42167936708243603	0.3789368748040365	0.6092681968846441	0.6583983906065545	0.0	0.34891258281130344	0.0	0.1711088557240929	0.0	0.3324187000196767	0.0	0.2592313851761404	0.0	0.4030918727775376	0.5997783616920604	0.08291037205016168	0.0	0.4437766357872151	0.16492388847610662	0.4201901944494616	0.2889263349463807	0.2630669834627096	0.3939080855125043	0.22024771005963972	0.0

0.5543832651507012	0.486143797608216	0.2796242200218422	0.4849862215855977	0.5939700419612369	0.5632474330661228	0.5155512510612656	0.4185767939692976	0.47929698468609294	0.35751342627570726	0.5507582657703618	0.6612251811886919	0.0	0.28256070747375805	0.0	0.15833777884880407	0.0	0.3173656990307512	0.0	0.24292805924384603	0.0	0.32609631501534114	0.509908672995725	0.07050749828950129	0.0	0.4098272347808038	0.21715722396189918	0.26749242380634214	0.3273704569009419	0.29165916320259405	0.3803121807178232	0.21962081262154837	0.0

0.4769586020741462	0.2826086639393462	0.2774451489020978	0.4116443673559713	0.5464357730998642	0.584318843578026	0.4875109493603353	0.3894272890634655	0.3776055106188593	0.30278432460053906	0.5083355755854524	0.6113695694905235	0.0	0.20151918312675599	0.0	0.0944402813124801	0.0	0.26187998355222586	0.0	0.20962748541477477	0.0	0.3752410935968041	0.4448097631779425	0.07040212344321495	0.0	0.32698621447224974	0.12963082491770606	0.22655432102492368	0.2833082567441107	0.22375155231208996	0.3295417166574796	0.15896119799470662	0.0

0.19225479349887056	0.23727455224666957	0.25057250356547145	0.2174870589814979	0.15022939509749614	0.2936848951495765	0.28775961753300466	0.13386631127911547	0.1961783242001164	0.10107672937602477	0.14455123443539578	0.14692002896895512	0.0	0.19367796623258682	0.0	0.08811173405689454	0.0	0.24815221320522735	0.0	0.2057107251242009	0.0	0.48419249935502484	0.13429539388167672	0.05664210729591476	0.5825024974632087	0.18427248434228127	0.14105891950832025	0.19701641850813006	0.20331323263316986	0.22601875777039965	0.2871854701632145	0.12989953777892776	0.0

0.5303562318604682	0.34869359716426385	0.2575563494367851	0.3849853391902823	0.4791253117870096	0.49115393073368085	0.4846925720520763	0.35921904663448134	0.4703663695820483	0.2701902403004806	0.4677073511147089	0.5671541586795346	0.0	0.4351171871480803	0.0	0.2034389523455328	0.0	0.30746563329358895	0.0	0.2558132285647135	0.0	0.5261144152680491	0.45611067614932405	0.06732495669255889	0.5348854184316156	0.31087473346493405	0.1410010569260769	0.28577534564967394	0.23832411804619585	0.22476538344735644	0.32566836065042526	0.21548588143034794	0.0

0.3737606518287593	0.3630673816454847	0.3903751860632477	0.33388921812336436	0.25903591308643387	0.42555013470782665	0.4225411730163587	0.2317042830658107	0.34707118736982945	0.1878619934062304	0.26851749552885895	0.33264361518615865	0.0	0.4094779196714523	0.0	0.20359315366669373	0.0	0.3497923663377438	0.0	0.3218616013156761	0.0	0.4340131587695748	0.2754952441191022	0.14882498964830995	0.0	0.2653785263472051	0.17308134307253564	0.2846311243001465	0.3124812690392347	0.2963065141838761	0.39478182762704245	0.20050858900689472	0.0

0.6946215754938515	0.552372268115164	0.38276931295927624	0.6412435445787095	0.6714176353632004	0.7072756717107449	0.6314468616682396	0.6430575296544887	0.5978279938637653	0.5245236135972257	0.6514656284084619	0.7137209367346371	0.0	0.4450573346620557	0.0	0.21337909985950826	0.0	0.3594642309434869	0.0	0.3212343731044366	0.0	0.4596983967326038	0.6320348139073397	0.1023729420563282	0.0	0.47051897140392535	0.1895702992328855	0.2987741508325955	0.34036590242197107	0.3118396404810997	0.415521203310252	0.2640783619318369	0.0

0.4830104681837039	0.4858472170069349	0.5327499742659144	0.40197995469940806	0.36130927440136545	0.6434291588328708	0.6339913295786392	0.38529660851117153	0.5086467084085292	0.3240072456869417	0.427639535948972	0.6340548251369356	0.0	0.480827227960864	0.0	0.2561740276390604	0.0	0.4473571959871004	0.0	0.43227908269069626	0.0	0.5886985418708398	0.4912131058680772	0.2201451134643416	0.0	0.4652104739204042	0.3028461478318063	0.3597151641185852	0.44493075494960227	0.44995502729450104	0.542527550524485	0.38915586027737425	0.0

0.23112970647726666	0.25983039384911216	0.2637505804225598	0.21647991489870583	0.19000117569652816	0.34012027127464417	0.3585997522755291	0.19925909661038327	0.35060275648719796	0.1408708295334108	0.21052604916222167	0.2940315198978876	0.0	0.2753275086459081	0.0	0.13959949584858944	0.0	0.24308890345350237	0.0	0.2017014495239673	0.0	0.315197195051731	0.2048145991234845	0.04896892233995746	0.0	0.21959565645422963	0.09606517332966127	0.26095504764416283	0.22096896519173664	0.20597055815661075	0.2814767023078311	0.19828046579705372	0.0

0.3203346680194367	0.36528918972585034	0.2815460004865135	0.290508873113159	0.21457435849775292	0.4325151474858875	0.3960679768819649	0.23522341684934786	0.3325271627593825	0.1648198716347323	0.24509419532355697	0.422197840303546	0.0	0.40469328109785246	0.0	0.1846117423241538	0.0	0.30818300768270995	0.0	0.2640615889817244	0.0	0.4249299669733811	0.26435764087563757	0.07264732227381006	0.0	0.3152989074796253	0.13797441353063136	0.28641108619625577	0.2647455800062289	0.25129992155805647	0.36838779802847094	0.2106701408809023	0.0

0.3827413724128437	0.5418978704000076	0.3005282158028352	0.3014482684005969	0.23260149984468206	0.4878201391347793	0.43888358714262876	0.3015905111500835	0.42042910703361913	0.22555812718280832	0.277823734714734	0.4443040942988089	0.0	0.44228981021391606	0.0	0.22220827144021743	0.0	0.36620501367914604	0.0	0.28720616997723414	0.0	0.45234327985963174	0.3485596220795485	0.10917318713332272	0.0	0.31153143698392394	0.15277812141943184	0.30229758069653573	0.2809675235882845	0.2707968574520746	0.38471665027632596	0.30805293290504565	0.0

0.31211966060005014	0.3525770375935551	0.2688447325677995	0.23335044946220349	0.18296233982348753	0.49708833997235197	0.39339126182932393	0.18277745417732477	0.3144803341396975	0.14290833852013912	0.2227158807200546	0.39743138634884934	0.0	0.4156311442742882	0.0	0.19554960550058956	0.0	0.29566624308099304	0.0	0.2634037462091465	0.0	0.40228597811466166	0.236949562893483	0.06493761569043041	0.0	0.21896578999090682	0.1508746126206275	0.28026240624996446	0.24374198494314822	0.22613544482939868	0.3058443129415432	0.19620535589378907	0.0

0.30952083400048497	0.3366992489732564	0.27055559406258956	0.2399398652382701	0.18806956913816125	0.46746858701808147	0.3942982758164632	0.18299650925857364	0.32371937113867505	0.1425824409904186	0.22907605039539938	0.3893696284626418	0.0	0.407819310933792	0.0	0.18773777216009335	0.0	0.30150467173240464	0.0	0.25515534483156266	0.0	0.3899772766783117	0.23396161337275687	0.058802154403008816	0.0	0.20955711191721438	0.14280432633066656	0.27396837575818117	0.24465280009004312	0.22468305101430053	0.310176158891061	0.19221528091895884	0.0

0.217941811956486	0.25580753861773864	0.20791732244398656	0.22857923924320556	0.16983854866106596	0.33661043166180626	0.29011439048659615	0.178000560447303	0.33224341476483243	0.13080537556295627	0.20882893989146994	0.31433127793287785	0.0	0.35129657269510406	0.0	0.18104249793038263	0.0	0.24029567792960854	0.0	0.21747605149379895	0.0	0.3311476689415238	0.22477034527263867	0.02612104675258725	0.0	0.25045805924879483	0.09195575893591362	0.26752730333667774	0.23394687806513698	0.17602910886213105	0.23636772097251313	0.197871320193158	0.0

0.5010910798009616	0.4719437238224217	0.3191293480829861	0.5050161942325566	0.5304723033708069	0.5385970646493035	0.4921479363205715	0.36644908175297297	0.4775486874650814	0.28352476561313034	0.5037223620583547	0.5996043242841004	0.0	0.3295657482342437	0.0	0.1577990038309387	0.0	0.28351262102436237	0.0	0.2604564762984747	0.0	0.3864897216368753	0.46663745948474267	0.06286560130928012	0.0	0.3946186069170733	0.1549129941011947	0.2602095675708272	0.2705197629176985	0.26406013802181394	0.3304488435672934	0.21510453346674424	0.0

