0.8186119420350909	0.7567825422100843	0.6800602256692163	0.3090086466831964	0.7622795126860424	0.7058162534543317	0.7151756832290754

0.5517427794844416	0.3752425330749647	0.5045032033329044	0.24301281541769057	0.48815186060383464	0.5247995680328201	0.4876661152050302

0.5928899335163558	0.4516558799478848	0.5677703065915668	0.3895854473165327	0.5013155141240311	0.5758594510473845	0.5377193842502759

0.7949888432453128	0.7383707034117053	0.7036230083464947	0.34265382384841364	0.7302323375492193	0.687320450490438	0.677956246692893

0.6083423767868741	0.6107118679768413	0.4925657350785536	0.3180937668245179	0.5420186298717736	0.6237097117331433	0.5452253096713213

0.7546800931876574	0.5664872056556657	0.6627101543178633	0.33646273073362776	0.6427440495547139	0.6269902413340849	0.6407691416974732

0.6801824429232323	0.6361259750293656	0.5383147999369112	0.29675032439624915	0.5449925060384504	0.6070000864789737	0.5785096917960724

0.7216877257240741	0.7479204583824786	0.5703860046720877	0.33805801878157393	0.6166577926994441	0.6487049535026035	0.5946370815249437

0.8069769390731139	0.5893526546178413	0.6666278902777305	0.3551526552080555	0.7037419068504422	0.6612016536253706	0.643897795536079

0.6884270258462597	0.4777513448369729	0.6198602608686377	0.3005911366924978	0.5584659626223455	0.584087556761997	0.661959713571046

0.7897538621311906	0.6213623078785548	0.5856392109071984	0.30615227771953385	0.6679428060519494	0.6038497897777104	0.5809481476793262

0.6472924305474755	0.6785417326200984	0.5800875896074733	0.41076062198949326	0.6285113208061965	0.6883917055729502	0.6089105127280974

0.6378723319525808	0.5779918504112669	0.47632051835352024	0.31060975379958183	0.5058749480185405	0.5838927696654301	0.4939295128106026

0.7990083440966966	0.5397417931119362	0.7593925250068942	0.2786344436952124	0.6595338451956856	0.6235023725058599	0.7144497933279773

0.8242925521697305	0.5333110360287341	0.6459990088341108	0.3651259362349072	0.6826825219058641	0.6643357156602634	0.6773258256892388

0.6843451413774979	0.6678775776979189	0.5446349052251627	0.4084154627938231	0.5786404636765002	0.6970655102992924	0.595217549584909

0.734118747772815	0.7076905710237873	0.6260576291942093	0.2402396532632689	0.7429831475642145	0.6877030584925654	0.6835616803657723

0.8027754802193802	0.6967411936868416	0.7713114474158351	0.3145947268176287	0.7073831783861537	0.6886309204365391	0.7572858225381597

0.6024967000953589	0.5284170253036857	0.5850373303300147	0.2811700192124169	0.5291607556332991	0.5522123396751302	0.6134641163843215

0.6195937607549313	0.5923336383450385	0.5217484336645841	0.32867496882225344	0.5510220341022102	0.5897500773839346	0.550758120675601

0.6101890290408533	0.5114709135654733	0.46229841323787213	0.29921314258519827	0.5094641720229893	0.6068556649352614	0.47766861873047706

0.7977769367855809	0.5817975431741739	0.6682363699390208	0.36252613583271864	0.6636176092518765	0.6271366883395982	0.6871228302925002

0.6065977859943328	0.6205322543043031	0.4943277772685981	0.288762968322656	0.5652433377189483	0.6130918781741936	0.5523974612877769

0.6559739139138555	0.5010667435774973	0.5935460939074031	0.2677008439116625	0.5642915090852747	0.48300786362652937	0.5871730618345452

0.6496178846699512	0.6430732110330255	0.5533296288576055	0.36127680329306033	0.5519654149757831	0.5543237854957755	0.6019522093925376

0.6144835765864384	0.47082083933807317	0.4773420859917932	0.31004222826721045	0.5397784224166289	0.5593612104003969	0.5703590000567116

0.6820825833721189	0.6454339189750716	0.6103388611183649	0.29690235937093823	0.5791667770052669	0.5344058099093263	0.6361417294688043

0.8371551223056959	0.5251871251891939	0.7013958742992286	0.38457801661466473	0.6839950646347619	0.6835235400360684	0.6990013241668354

0.6567397893519344	0.6464801435135226	0.5378608976711057	0.33090116537551395	0.6300706535446574	0.6390367771151864	0.5600030409072259

0.5892318233391445	0.5247050257227079	0.5013016543554859	0.3441231967823269	0.5283353740228344	0.5950409184839183	0.5431979949837491

0.5192721309691892	0.593710220022809	0.4850330059153606	0.34013368723532733	0.6232246170487044	0.6017846281179897	0.5145814225645778

0.6957911922604192	0.6052347254738141	0.5440934293109052	0.35194943033275705	0.6227818314442338	0.6499423466934293	0.6110283551224147

0.5267419382978438	0.48127012502074235	0.39835762648345463	0.29206496307570295	0.5083891612700232	0.4726131594586781	0.448495384264963

0.5162603527531383	0.41185450631827375	0.3966400527209426	0.2099913953444181	0.4380418994390033	0.43579848895031165	0.3872362241569012

0.6171013538635683	0.703131669670178	0.5106001071813777	0.31717198986479334	0.5572468792485338	0.5809492063903541	0.5289413243072418

0.5068380020653174	0.5638882961156765	0.40802408486371794	0.3313048572924203	0.4867093228420254	0.5389416890455577	0.48166011688522753

0.6440868981209497	0.6242159623446141	0.5497703063753455	0.35482210571288897	0.5447241843626001	0.6078896086950298	0.530827933919721

0.7023130240057994	0.7388463302066053	0.58914866291413	0.3464791161512193	0.6357849668615113	0.6242404171938798	0.6368731533799443

0.5599535377403084	0.6542411882684215	0.48424482240967653	0.34750392593632506	0.5545059047524252	0.6185316824742783	0.5168089917077648

0.7469488844458282	0.6537339844256911	0.6958882139945474	0.3319210334718604	0.7234606112938365	0.6748174042674895	0.7300620418622319

0.8329126826779764	0.6309992343283699	0.7259530069564497	0.3688642115083609	0.72860080992733	0.656096224756829	0.7003755477197813

0.5629922473286894	0.561219552688717	0.4776606215680027	0.3675628667174571	0.48262039450691385	0.502870664758763	0.48374192432150287

0.6745884358654402	0.7006077250435772	0.5914622659808766	0.3980645348625964	0.592867687260428	0.6875887350728807	0.6199422749826359

0.5643530818625768	0.41901287311255975	0.49298615140105073	0.34778875015070815	0.5394126608254559	0.5715493106915942	0.4964660903956561

0.41776435778546844	0.34826146778051315	0.3747867505048934	0.3112867982835141	0.40624381826900247	0.45418249067612404	0.4430350103873635

0.5990673272670748	0.7226418920470081	0.4839313492742476	0.24914786928411456	0.5735505423504093	0.6435882764978564	0.5876974221121741

0.596794420410923	0.5216688039147895	0.5541803240891903	0.2850516395482995	0.5637634845666927	0.5678682184855123	0.60015129330109

0.5836272632915801	0.5005927681856026	0.46854465201338485	0.3250367321579305	0.5244137387232845	0.5660074726827888	0.5209146225472001

0.5387872455779197	0.5286882436136752	0.48713883039310046	0.3547342591941548	0.5341337716458963	0.6201436557840969	0.590844701194253

0.6039919840225578	0.6913691949453299	0.5196297249877306	0.35699563547382007	0.5947062519351647	0.6233225008543957	0.5350673155151945

0.6208670038004559	0.49451762005398725	0.48228756543253243	0.31150576139834074	0.5423878954941207	0.538363623846799	0.45931954733312574

0.5695758540203786	0.38882144005657215	0.39710445463036603	0.4046170430824043	0.43256248306366296	0.5604814305278744	0.3738522606573453

0.5804188100863745	0.5544016725364384	0.4465839787241821	0.4078503578774382	0.5035640106572015	0.6031937933770711	0.49394890713381123

0.693972827155493	0.561939732089944	0.5172973580199935	0.36884161582042807	0.523028263476173	0.5689191413845887	0.5502393764818075

0.7255323243367655	0.6489059694350636	0.6585018009544505	0.3399947924359954	0.6447716153158702	0.6171896556221749	0.6409577865295621

0.7176625859238236	0.5529654371278676	0.6136433333905529	0.295149747212828	0.6892053095319159	0.591269693095692	0.6491014452017667

0.5466422006574401	0.41145170247231655	0.5203797662515	0.3039818577552545	0.5456259426552925	0.522255610634779	0.47148128685766555

0.6836916424398567	0.5593217495439009	0.6113112189988407	0.2804952730628547	0.6261774797388004	0.5895219686753832	0.613264224508206

0.6841536602188567	0.5493779647117726	0.6544232981478713	0.35798923292838614	0.7153844241521801	0.6185984525689512	0.6064819124105745

0.6690797908946253	0.576893316124929	0.5902216661624631	0.28251167641087893	0.6538069030737765	0.5838004525235907	0.5558782659289692

0.6534116766635105	0.5368292853541932	0.6001080038742969	0.37872218144969494	0.6727890420706386	0.6025874863625387	0.5775691898057966

0.5600282913488903	0.5164857795226043	0.5148719436901834	0.2617727303741121	0.6041848264623642	0.522595584149232	0.5337762859672067

0.7286290895177541	0.574414606108806	0.6740095055280659	0.3055993674043565	0.698518021308507	0.6301738945497898	0.7178357709513317

0.7625747666477287	0.5560173460366715	0.7138088078454653	0.30701663527053724	0.7651022159266665	0.6558570134427343	0.7154715894487991

0.7542561242149431	0.5552644349157079	0.6344907992496419	0.3390090828030194	0.6531571752143495	0.6076285280468627	0.6613884949328503

0.7568729343915294	0.5086570912616296	0.6625263760351715	0.33297016839413224	0.6965131632121672	0.6352912844286253	0.6691506697620915

0.5859350039938056	0.4600161070161837	0.5648462855643317	0.3122066121560241	0.5893082075393292	0.5002965343025549	0.5853431871371484

0.7004224604006349	0.5518836910410259	0.6977732906725842	0.33789562460245665	0.7138434384751351	0.5871859057506559	0.6456214329762524

0.48742166587190705	0.4895889896603019	0.4414740922209579	0.30371908459231245	0.5932403258525114	0.48326469369963465	0.468506867392233

0.6103082302496257	0.4947851839299099	0.540481117090075	0.3067713075121973	0.5820366276191751	0.5266720109059789	0.5454800186779862

0.33193370854322185	0.3904623113037131	0.2812110228007678	0.23080074495732128	0.41514795057376236	0.355121034448982	0.31992670000675877

0.5546278438238442	0.6243936745763452	0.5356813830096602	0.3311987160347296	0.6351381318388369	0.6249301577482179	0.549850383552638

0.5259203412045028	0.5715564773232334	0.4857269474685499	0.2654932802716078	0.612769143377123	0.5108820012274251	0.5220788111864159

0.6987024783269913	0.47724274212323703	0.6189172986244138	0.2894232579346354	0.6577316789637766	0.5931158662373444	0.6216054957485512

0.7466725318850618	0.6939132857213667	0.6987464257411498	0.29276530937835443	0.7299577235884975	0.5936591758367544	0.6642402698167202

0.6126238296478494	0.5186383735467849	0.6165084869345423	0.2661820029855349	0.5779474916770724	0.5458743992970683	0.5946339217562839

0.6532951674066403	0.5088283456195946	0.6376048953932085	0.27697474522472654	0.6672410304446759	0.5479920085693575	0.5579752694356954

0.6145505454703919	0.5133312877047743	0.5625800017273156	0.23798048732783522	0.5576920719271934	0.5252315136641603	0.5488825044683734

0.3765185617029748	0.3204166441373294	0.29531142641262975	0.20191686796825353	0.4138420578239362	0.3730059499577342	0.37908184451114135

0.4396985957756318	0.36178871893835063	0.4077510343074245	0.24880766877774452	0.44253011826216604	0.3962142292144191	0.4289828685484288

0.5695599508593805	0.5119048092020337	0.5265993137650908	0.23704367351470146	0.5419225461258177	0.4761688198318389	0.5170044081713652

0.6552183306230873	0.6307112690762178	0.5534609304872724	0.2699463517495825	0.593385347386881	0.5924767705316574	0.5372802039599832

0.7450645544127625	0.6109291584489638	0.6788956911318071	0.3452935127640673	0.7246371693023697	0.6577052090651118	0.6697519946325341

0.647751082743182	0.6194811480614328	0.6061840837427326	0.3060879289930126	0.6382642213850664	0.6252235022351137	0.6385511897885658

0.526410081440113	0.6116942430215566	0.4072179215357701	0.29517819544331914	0.5022768479060313	0.5486993272030867	0.4660575877807409

0.5428917783414802	0.44240064573882587	0.5028819716359052	0.24100114910778841	0.5037391528655499	0.5112792543994549	0.47924740553691236

0.501355905393909	0.42431560655779493	0.4216514472711694	0.2399356132865596	0.4653255926232211	0.49508362353166363	0.46398990592253486

0.5753512170428012	0.3954539038167648	0.5490777196676511	0.28565013900709435	0.5660245399947819	0.5116243222179873	0.5851399911007266

0.6563930538741894	0.4541282687024226	0.6000346344825881	0.2969323649796034	0.6377191309043714	0.56311720694131	0.6282290117702123

0.5181222296382002	0.460080521243871	0.4254716998061904	0.2633127737683699	0.5212038451508593	0.5221306347605453	0.4507200563828503

0.3623346193417513	0.34258567169111026	0.309750780193371	0.23999514329044142	0.40205419040658785	0.4036310054026026	0.39555392805945205

0.4967607521590106	0.33644367375684914	0.45478129241754445	0.29643642692176614	0.4888754940587426	0.4530429722357451	0.3907104836442087

0.7822211057084614	0.605878923983803	0.6371180328373666	0.29385421858352256	0.7270023732777487	0.6460730744827148	0.6667673952896966

0.6767034522874328	0.5541326644509239	0.6007390696175272	0.31065851054787547	0.6643210492820951	0.5736532365004485	0.6052810501086262

0.5884098391235215	0.4171563336405062	0.5599702955223175	0.31449551764946815	0.568475801213107	0.5123475711261004	0.5561539731748462

0.4706055742661652	0.4545999282892729	0.4264343455237024	0.2641068138196146	0.4944154747296437	0.47353694851133316	0.4669192558332199

0.674624752229884	0.43940928235972826	0.6395159244534436	0.37054124779118564	0.6506534506729705	0.5819339844012044	0.573399938727066

0.5413665179891718	0.3411203256722285	0.4954357222065502	0.2772967651269458	0.4988026609338307	0.4618497076672121	0.48339398760887947

0.5642906764502944	0.4542482138940779	0.46474892864041595	0.3455489383234043	0.46122315021240173	0.55342583375654	0.43737508568799055

0.5819430038262795	0.40287063460398376	0.514389567781957	0.22483245800449256	0.5160572615426741	0.45511599527455937	0.4673283351129018

0.4673074256805601	0.3495695020242511	0.4174119900655017	0.3839693525260134	0.5468569568579924	0.5393548315677588	0.36908597977962065

0.6772361069050994	0.6528189270606946	0.5543022904869731	0.4000594073016913	0.6034131603550371	0.6924398566473539	0.6154093943149244

0.7190760459493204	0.7128659029414444	0.5653832012998797	0.3979060197560619	0.6221764058931154	0.6964845617016546	0.6043911925304208

0.6923253426685196	0.6859761384654646	0.5984861988287842	0.356644388180714	0.6057462404935506	0.6613439583744244	0.5587904576001598

0.6901488778067135	0.587538553897618	0.5459026908170255	0.36295028902048276	0.5872968556617355	0.6284141375208765	0.5568031042956607

