0.8065861363023821	0.4092525779269286	0.4394775876422261	0.5710194601682579	0.4081088616596633	0.5449991645252836	0.6113021679112549	0.5742028903413992	0.39661834308544913	0.6723816887833425	0.6173410092806627	0.5875945512439422	0.45462081924048403	0.46375311755160076	0.5436567177018218	0.0	0.5997793212217395	0.6892278366134778	0.6593506316050104	0.6245605028086056	0.47080945679688524	0.6374303531204095	0.7018689933386855	0.507262481305447	0.5303423319546937	0.5802003339172724	0.5715813531791709	0.5764509803326971	0.5174806318516404

0.9248357348717421	0.4100667396623816	0.5510968857279311	0.6588224392796995	0.444223304816469	0.5405754614199015	0.47614163771880946	0.48496893377376143	0.33225355918722854	0.40705263602529046	0.49187402234741084	0.4686932280818005	0.37473185800018194	0.4907980047911371	0.4072387058264596	0.0	0.5984825603867172	0.6242100694718826	0.608640605251263	0.5972083292320934	0.5820897459310553	0.4493848560135457	0.6378358678669336	0.6485250577653869	0.49594256863835473	0.4382336147815196	0.49152463905771093	0.5079896800754551	0.4020465048384529

0.4511371965914706	1.0	0.33015379791939936	0.36246976192689084	0.3664981647810006	0.3871949990412336	0.43366787888037595	0.44721849683833514	0.30929057107848656	0.3589670979379931	0.4247111082754981	0.35996230244791694	0.40005399459422303	0.3538639184885749	0.4008535820706954	0.0	0.3447343115052304	0.3212701075124772	0.28789297890656584	0.3101762990913844	0.3761071040090004	0.37399453040951525	0.4508788819676551	0.32061775010663285	0.3744453706227802	0.42735091229002664	0.3997322353448486	0.43009271708120167	0.3412984367168245

0.5195833631109762	0.36937041100672874	0.9226241181921178	0.538479615461609	0.3603777468444416	0.4138788131477694	0.39823520691240866	0.4171418759765284	0.32090161447797294	0.34359801826693015	0.4135722019462824	0.3804727384885811	0.41257986703639116	0.402474452837112	0.42861390523393283	0.0	0.42609923750263845	0.45674136321073633	0.4320917936049708	0.42318095019420165	0.39287459239374684	0.37332549129117865	0.46371225616845146	0.4571640482099305	0.3760786063444433	0.35754316196752345	0.4046114122705034	0.4502349868676814	0.3210098908010871

0.6335448503564085	0.3673207567464275	0.5302111925829291	0.9916855159796714	0.42774606160543227	0.4824704751376293	0.49497179156365234	0.5471210043019484	0.39273476158914766	0.47407108004214527	0.523000528010908	0.5215807003734844	0.44767825201171263	0.4742342463130178	0.44797329397463365	0.0	0.5531015286721419	0.5803591656586884	0.565630184529892	0.5248849587983992	0.5655061114917181	0.524249692344084	0.5892374960387543	0.5850331843724184	0.4682243803040952	0.49509483716037017	0.6070244874434501	0.5854314548989998	0.41463408366454535

0.6178891219660592	0.4466756467965801	0.362294094212455	0.48257893805048185	0.3929661089214299	0.5241234181497493	0.5945297699547892	0.48796095510309623	0.40715550169341963	0.6017501955988593	0.6075760716789308	0.4568192150854512	0.5043014655543314	0.41766014934120665	0.646227027543839	0.0	0.5604418663331168	0.5539635967490624	0.5175243415536731	0.493486132177282	0.40032086630092395	0.6290608654928935	0.6484575149745327	0.3587442996944037	0.5399570031987334	0.6748955394233352	0.5982418940151729	0.6539951467799661	0.6022213208476555

0.34062432671259596	0.3064461214311114	0.23999396260603856	0.34067637364630565	0.31417649409029463	0.3928797890791857	0.3437506108475685	0.4295882939744144	0.2455138397863446	0.356426618577142	0.40131422991877946	0.4531448383030091	0.39769733929975454	0.4018085758741726	0.3468933005744678	0.0	0.24550983016768685	0.26746446763424014	0.22617297152503277	0.2568259955299095	0.33457770291647554	0.37872833303513365	0.43382636189245155	0.2530614396509655	0.3155865334091577	0.3799509798132188	0.35856969669085514	0.37304507816156707	0.30449255191226693

0.3995344773748737	0.37608489590524175	0.3156089494456462	0.3998675758484832	0.44132246208635784	0.53846534356177	0.4556111558403957	0.5694120919994405	0.3963310669991327	0.5048096224315978	0.5588399293145138	0.48567835578440866	0.46501709528644947	0.477434801933805	0.3724034552583488	0.0	0.3252231157119345	0.3059506128263789	0.28937526554185544	0.30482598869341726	0.3765572056993134	0.5351355614590855	0.4913325291376117	0.3680665831375035	0.44399108778786134	0.45058613897543554	0.4477315154145957	0.49602216640416774	0.36802293953549353

0.48422297004448933	0.39417856465439705	0.3376550281954109	0.4593900387068302	0.5479780095638777	0.6225401091905682	0.5400443056845671	0.6839161034224843	0.4942534139363984	0.5426909914712537	0.5523403715006502	0.5886462925780627	0.574104619478238	0.6065574388882033	0.45076161579777485	0.0	0.3756285148215085	0.40204399066732355	0.3608604561122032	0.3647401429999939	0.3412352984399274	0.610700705132103	0.5894757237464145	0.3739655748952916	0.43989052742025586	0.5494906193135198	0.5453053409307842	0.46945922128293627	0.4309679631284554

0.42748859260659533	0.36977153213156577	0.37808363618204327	0.46639176910573665	0.5037115755793654	0.5939670113237516	0.5726544852876376	0.641428852322782	0.4778698262809313	0.5203730042539527	0.5669804180512448	0.5737028040075963	0.5452479263499443	0.5711971150105305	0.45237193602666664	0.0	0.34326717230531295	0.33968658125117296	0.3110978283720027	0.3410402390634071	0.420450348087098	0.5405838782652148	0.550316458035913	0.3993137043017265	0.4770960867624987	0.5347378369065412	0.6018289968990098	0.500395615469704	0.4147737187840169

0.6150859355520852	0.4022515780104584	0.38208229369798064	0.4927049343888239	0.5599108966150635	0.6527407016038536	0.6499538608259775	0.6452174104516865	0.4185610928869185	0.6901958707440371	0.6468815796941847	0.549845899360691	0.5384538252174659	0.5998876134525484	0.5945761482056559	0.0	0.518050107490436	0.5241227617326591	0.48559420699524725	0.4529686034993584	0.3568020767914023	0.6591829727009096	0.7258911478668022	0.398625600085851	0.5156468577197141	0.6416836853564225	0.6198373714625178	0.5853547263870579	0.5526612677571611

0.6805448737527626	0.431718568304306	0.40184253051003993	0.5101078866141914	0.4023274128427753	0.5630837609408408	0.5797873125816908	0.5244095965208391	0.343696734280019	0.5923408425033316	0.6116739688021986	0.4599853669311472	0.5310625617427924	0.4107947126352659	0.6326940428506813	0.0	0.5933192147547538	0.6547656224626481	0.6129229721412829	0.6051396150798749	0.3951437848641126	0.6256194074674633	0.7020498738061294	0.3763514831807019	0.5728386569771335	0.6892359118491123	0.6534846969189164	0.7078228128580587	0.6205276057609982

0.4905279288370895	0.3802960909303572	0.3013518930327147	0.40961660703616737	0.6312784942038971	0.679648542030747	0.6328540730571193	0.5450517992703221	0.31667142417981886	0.5460604418394484	0.5128957550030601	0.46549476023670106	0.3802713399301443	0.6976598257633237	0.4277902940237631	0.0	0.3068436019211427	0.32889004256479865	0.30896638438316526	0.32755976076110394	0.36308308035483416	0.466457345684234	0.5311235497065694	0.3899091917259587	0.41957481770426797	0.37521818691678605	0.41032091141255145	0.4745783249644785	0.3518841872572308

0.5164017951582438	0.4385606345656544	0.3738360294479527	0.45675531543669246	0.7028193404370984	0.8130267188443372	0.7149075134599931	0.6277237604437996	0.39350386913413027	0.5737402742292849	0.5992086828897285	0.5603757639355003	0.472304207026543	0.7533064299877243	0.4790697715939469	0.0	0.36711531858243446	0.36635013445066544	0.3329505423408576	0.34895780889588074	0.3554041170030737	0.5621341329155237	0.5775313779714382	0.4348591916681259	0.49278368909812376	0.4789506958081228	0.525490472621079	0.5542981523474066	0.43552671331100434

0.6063974543299359	0.43598576458752364	0.3763161925390148	0.4858009473475744	0.6349928825281328	0.7372477578354921	0.9748689414820999	0.6923792223337502	0.3901920915731093	0.7323869946552766	0.7441330539301445	0.6326598169693725	0.5033892098972265	0.7806006483620249	0.5494753202524196	0.0	0.3723970200884664	0.4022046863635918	0.36832379391016384	0.439454828648556	0.45484292844121893	0.5872795420176261	0.615864355061936	0.44793501468208097	0.5539239690139062	0.5763804482057868	0.5883279716019931	0.599921778120401	0.5346296818325736

0.48825839659602815	0.44124222570779487	0.42151015237553635	0.5036065445051987	0.5336067158551447	0.578396279701154	0.6680751469355822	0.9920811840207846	0.5674038114079689	0.6298275048658803	0.6657898457316526	0.7629187805689488	0.6333770658913799	0.5956129967252515	0.517934630205239	0.0	0.4029579030122356	0.42877582020169674	0.4012826194326756	0.41345814906581213	0.46460225992503323	0.6194526450390598	0.6112476259701298	0.45517347688526366	0.4973514420377453	0.5494440966314715	0.5726294084688361	0.5444936517708803	0.44109792725511415

0.5710961499067635	0.3589670979379931	0.3113297354830281	0.4228844331734962	0.4993665559963634	0.5905878107650038	0.7314570409451733	0.6569425170327137	0.5034190385790005	1.0	0.7432755193864953	0.678576557184329	0.47856378945434935	0.5422710650344996	0.5686891097123881	0.0	0.4499517506760072	0.4639213286118167	0.44172459382240725	0.42932566039400316	0.33629627711399024	0.6377617064210834	0.6379331447121093	0.35567276202881887	0.5047413048121357	0.5031412931361376	0.5368664912939043	0.5437023255115745	0.47992613997685796

0.5860372334722292	0.4247111082754981	0.3840120206186236	0.5009318775828052	0.49791933132266775	0.5934307432948718	0.7375427844951947	0.6850842390300793	0.4051732848129067	0.7432755193864953	1.0	0.6286451264045303	0.49875099468374817	0.5606455735365836	0.5636258928189903	0.0	0.4231629499772682	0.45875955592107137	0.43201657827843026	0.43768240932242625	0.4638686879218455	0.5989524458301888	0.6244190310967328	0.43881613236722866	0.580424969890643	0.5736830479731653	0.5960995062008074	0.61336204851617	0.5171400258079275

0.45291202905858596	0.36419435822673	0.36584637009581195	0.46040251208711747	0.4532856474240919	0.5430933881637335	0.6010633962792895	0.7452776873576299	0.3656925473581075	0.6551038800751733	0.6121089896152425	0.9709627032801327	0.47216533050819265	0.5331745685931175	0.583359609842943	0.0	0.32758556561281404	0.3447264065724196	0.3393757457589045	0.392518375145111	0.4748329312585652	0.6892715638084415	0.5116794184757234	0.43998345758482016	0.4645884771108475	0.47550935202915523	0.46954644235755894	0.47891709448161135	0.375519723649084

0.4097373643861879	0.39628763506124204	0.36346838429759054	0.4288281888411572	0.37113452368262484	0.4880539349213237	0.48620273946209763	0.602501146058297	0.39481096224286855	0.4763722320807281	0.4966250409098228	0.4733514545082566	0.9979544171357149	0.4795328111559527	0.4765828458786231	0.0	0.4149208108981521	0.38147355357722046	0.31400523893910515	0.3719540240642186	0.4159791138565448	0.4735477634663184	0.5204505076914638	0.39044392980475817	0.40702112235615306	0.5047702020520237	0.5324776888194528	0.4412232305782477	0.39666359894835634

0.4331244149004448	0.35741061762709114	0.33425528530908816	0.41875147987013694	0.6068077339695431	0.6868028187972799	0.7050608935474738	0.5740284958452808	0.3720105536562145	0.513847145228348	0.5705212697672433	0.6184088360274409	0.38632129141476124	0.8232348914524057	0.49177005128311346	0.0	0.2732231954476395	0.25227424897228734	0.23365194262287825	0.30558339157058223	0.4944588637070027	0.5736676826829914	0.5271926941772491	0.4385085587731017	0.47252220764698605	0.48292103745883164	0.46077800482902903	0.4407221756322989	0.3760329290059744

0.6254241963313067	0.43591294058885754	0.39997909294066303	0.4913570106687205	0.4637784746956497	0.5062212320045845	0.6097676896909752	0.5459455897243612	0.3827711171902327	0.6380627135046864	0.6157779821002003	0.5997451689558322	0.5035794171538559	0.41973451900919856	0.8013541858385808	0.0	0.5451402364794771	0.5668727619069169	0.5331970916501405	0.5089412197439847	0.3338204188554547	0.7069222539278659	0.6645312558369929	0.37254608255143346	0.5656132662713358	0.6544114597570578	0.6116018000688264	0.6295766214088653	0.6134482817823769

0.50865193428132	0.3636485973883217	0.30641898716960625	0.4799799879922575	0.3661363190760726	0.44584163156305034	0.5255777141730982	0.4742164604054354	0.34542888837152746	0.5426816977920589	0.5390491972996898	0.4390645410942849	0.4333826750436969	0.42227583113054684	0.5455550584755463	0.0	0.43892889130092827	0.4170821257620714	0.3874679492943448	0.4134979846865222	0.42964986102774305	0.48027948075357396	0.5018080578131181	0.3381544154296842	0.45720693828461156	0.533212594155949	0.49961921379819435	0.5540777991637623	0.4651070276474968

0.5229442553880788	0.3916777579915751	0.3337976006771889	0.44528852798582963	0.45423344657640663	0.5595083403112803	0.7035755716715715	0.629821224424251	0.42449748531484366	0.7348615386286266	0.6682969168254966	0.6257204537790954	0.4512904025742588	0.5060150473885023	0.592924004619605	0.0	0.428420090051783	0.43128379891943325	0.40420734432466854	0.4430767747784595	0.4281551965665345	0.6315514566181082	0.6228806163780202	0.36842795494387026	0.5063821895295203	0.5885308503185811	0.5796422038743716	0.5724042346807587	0.4851462258194525

0.5579010199582799	0.3898212962310369	0.35858282733203545	0.4921045198739708	0.462750208682988	0.5648433572954442	0.5646161011799603	0.5762364174252191	0.41363446977644597	0.5649540634558508	0.5968593175210497	0.5420388375359357	0.4822964550163731	0.5639167310523048	0.5260237839543844	0.0	0.4347053472773322	0.48411650355899827	0.456392861585484	0.4573580132341446	0.4782734769681175	0.5699648540196003	0.6105235508444016	0.4126858170951172	0.48550115147607986	0.580185562466591	0.5381563462522558	0.5299334570022802	0.483839286732355

0.4554869116451682	0.37308350688751146	0.38251097960390806	0.4805496249219817	0.3896964234192092	0.4959160483820432	0.4482324986947044	0.606976383257719	0.44687018908723575	0.4971179686030393	0.5278704870667339	0.684272983409081	0.5380457725322281	0.5158995796799046	0.5296402108649457	0.0	0.36028931685765325	0.37267313324258566	0.33475327540043476	0.38423138807420854	0.4422751368094946	0.545358004974584	0.5121306529280573	0.4041092974153522	0.4613429717717701	0.5145995041825142	0.5260451862295963	0.49640246359408297	0.4195717422079511

0.6256683710340414	0.38902080135262074	0.35583001748160537	0.5294405545354355	0.41128040908221974	0.5018877794757101	0.5450800727529204	0.5104920241401047	0.3644509807682109	0.5399973641461158	0.5623675554601792	0.5018688091789233	0.463152749948482	0.4781007425033382	0.5428543970226516	0.0	0.4474038896854623	0.5044895273236621	0.47076296793129424	0.48113274885029755	0.5159189966215889	0.5616533251695431	0.6176458162052301	0.4218302358997425	0.47892314439957245	0.559462367594417	0.5355843635066766	0.5484722413168496	0.48499967842894426

0.5159085768853795	0.31709657269401265	0.3307432037956915	0.4880225150214247	0.3123719876654747	0.3785971616121717	0.4572209978853685	0.4363941147107925	0.34102522290097437	0.2917900557403016	0.42429214372534924	0.45071541408870697	0.4147376024887288	0.42554072330936943	0.3839050156473759	0.0	0.30470394203561435	0.3822846129113909	0.3584396622727042	0.4298345164693049	0.5379821291071449	0.39262775434601127	0.4556701870626954	0.3733147436676004	0.4101583625361125	0.41122289097665615	0.4067714480171618	0.4338760320867343	0.3688892096186489

0.6170549078241057	0.45587352066416353	0.37336443239959616	0.4913160629529678	0.5220253182065233	0.6644001006448331	0.6582844844773174	0.5642746883514931	0.5010298444359055	0.6334395359053817	0.6509403328107345	0.5173024842946419	0.47401023946003285	0.5964501569916347	0.5715529229806523	0.0	0.4574092187065433	0.4649356187731361	0.4408700374737492	0.45329860827617174	0.4673493076087779	0.5953184493222794	0.6536407936998914	0.5022407492004217	0.5809353413094226	0.6510944188470009	0.5762942569031453	0.642795565518427	0.5140741245011193

0.5864978403297736	0.4213823974331251	0.386446365865502	0.5071858973989738	0.44958079031634735	0.5440688906876889	0.6062147795845816	0.5982910999984852	0.4242259664059801	0.6306310928555858	0.6410774721886976	0.5852874287828144	0.49934216603599624	0.5029116409218579	0.5739383487603348	0.0	0.45349211358826796	0.4851821120894657	0.45000376350111715	0.4537455090772423	0.4355105441867635	0.5849918255889415	0.646972727429289	0.38235249048585596	0.5155303697281199	0.5967240483483218	0.608274861301563	0.6338039171137573	0.49833432601575123

0.5546330400059621	0.41075471273673647	0.3771374578015509	0.49660854342196914	0.4147025786429517	0.5120439560915147	0.5397399268603762	0.5630921693455807	0.541781550721351	0.5646802947452937	0.5652168033816182	0.49634811766119724	0.49093235905902466	0.41455361310881605	0.5143946697691133	0.0	0.3836920395899267	0.41189700489881975	0.3949817214226008	0.38983309773738717	0.4194835499751375	0.5134997528371021	0.5934562987083623	0.38528445544248535	0.48220970842415445	0.5640419392496289	0.6038883847909231	0.5593598197126988	0.43586060018886397

0.6971916621007395	0.47576101366806667	0.4478268002146732	0.5559068399400839	0.4453452507964665	0.5102743725755609	0.601195808475095	0.5263402564427715	0.4591347177013385	0.48926241732504105	0.5828402653339864	0.4602165262061024	0.48495477722744534	0.465995823159131	0.6084708493086453	0.0	0.5112189545243652	0.5439740628074283	0.5208914632453562	0.5620449163067723	0.5869017328103787	0.5471404038078388	0.6255245686034596	0.4091637918262754	0.5450206752338007	0.5738688846281648	0.5808242111921027	0.6067313420616178	0.5431039887700289

