0.6298621823024927	0.6755195939942604	0.48490710527870884	0.5686620299875836	0.49648993799726077	0.4003354595690897	0.2782519033745267	0.3673134489285241	0.3509840641782198	0.4278235171172945	0.41343102813772936	0.3734922359135399	0.3762532157667787

0.5241722160783702	0.4832087026832547	0.5227005644896356	0.5610424953124091	0.6257160002478336	0.6760461207077659	0.4290660119865904	0.47250897668980074	0.4685508413380113	0.655767623262923	0.4771472325593985	0.43446193609175254	0.513794998213337

0.4596551119299042	0.4654928326345722	0.5500350164508219	0.6386564859433919	0.5566408598253206	0.5427615573070659	0.5032995248848657	0.5440594251412676	0.4780471536066834	0.5656111836945099	0.4594267973163264	0.4566970927227407	0.5875816551345123

0.5743531542316943	0.5615107762431395	0.45944620802278646	0.5282728727501343	0.7007238653472578	0.5254491814908777	0.38527675772895825	0.4433482959472206	0.4241723696409395	0.5211219744478116	0.5322095775607596	0.4361142215318127	0.48065061602794995

0.47542871151929755	0.4593117989440161	0.4409809702694751	0.5561317571781412	0.4983120019435149	0.4379320544409452	0.395921335263654	0.47758878109839953	0.37244061925504335	0.49450607768594346	0.38710842979195814	0.5433132001015392	0.5552094809893007

0.4130274239697987	0.44183449076990017	0.5887547355510674	0.6459182091792565	0.5791637655241029	0.6231369254857635	0.42649866636260536	0.5045523424829217	0.4759091085981757	0.5811231569307689	0.4670890953142016	0.44056625662571025	0.5850770765295205

0.5066330606727628	0.41412425997609603	0.49869638341799516	0.5070154469296495	0.5292704054908749	0.5429447993505372	0.37387996125189465	0.4462532362228704	0.4251423088250433	0.5767118485983407	0.5026855759891362	0.40312734621516433	0.49386733864994126

0.4178251458859815	0.3771799073585892	0.4868618159419309	0.5345118555947866	0.49720605915380434	0.5917650861166837	0.3544064657899145	0.42211324914879456	0.45177401047107646	0.5512819315988358	0.4539674618546939	0.4753913374794444	0.5796144310024197

0.4477797468372745	0.4511402326695735	0.4292701394109616	0.49980386199496524	0.5784728008227256	0.5851837101458434	0.38028500588024067	0.42296293506778704	0.3888040410835622	0.6037554507288814	0.4155358228495737	0.38650651309459216	0.5447372491273637

0.40865293722092455	0.3916693316312027	0.4909667203612096	0.521493058324322	0.5061032605218043	0.6498152376979105	0.3610360006811571	0.4113849942102164	0.45904320802505727	0.5659171906626788	0.4870242274757435	0.3911100514527214	0.5217169573499945

0.48739522524789114	0.4140282129516448	0.520387762121375	0.5956756200312809	0.5462935351605877	0.6239621976426096	0.41987557717967994	0.4751391406535682	0.6637052508192423	0.5639976315914741	0.5284347699280951	0.42897908921288885	0.5649529735681135

0.6123112006269404	0.42663006849597696	0.5002839405048274	0.5131816772241948	0.49525829679394107	0.5166287434560182	0.3660476225955688	0.4267428465202342	0.4425781377117086	0.518057303277911	0.8045811927716913	0.45426114424497444	0.5172925911527574

0.4465061137563603	0.4006670251587439	0.5245443894545944	0.5183706569076252	0.5272198477529269	0.6280601656257967	0.41545999461246236	0.45519402563672684	0.41365819675399107	0.5358120762341112	0.45896970304261603	0.4910205077329589	0.5674072668292824

0.42790260742601277	0.49011643939576954	0.4498945668925377	0.5517628936659842	0.5649400204225596	0.42845655836449903	0.36618452900954124	0.44979050116976554	0.3959117409449311	0.45820961394854	0.47353319208640277	0.5665012460393903	0.5739747309908984

0.5586117866836631	0.5885831188308951	0.6443150889290262	0.5351309545622107	0.6718676402452151	0.6958899722779042	0.49089798833976006	0.4880859952705817	0.6210403952044607	0.6624429181531022	0.5885791464144143	0.40768856357186867	0.6308417044014787

0.523012350391762	0.42265301732304317	0.539242826008493	0.5423308562229225	0.56095130717763	0.6144670521657714	0.4099902514573428	0.4902767721594222	0.4529071575447474	0.5722441798493663	0.4597773858220219	0.48718786757509547	0.570890640297154

0.48973052863104016	0.4198365475862883	0.5233690331570099	0.5340897178305732	0.5369384390674075	0.5522480618331922	0.39961042143480846	0.42628362402193054	0.4588256133090686	0.5154576030359732	0.44895684621961746	0.4739412359368408	0.5024673271700314

0.3843300420471145	0.3978455621889293	0.5205019769566599	0.6919200608159903	0.5092852929520201	0.48042985952696793	0.4199355288066471	0.48478241581112724	0.4077591366423175	0.5114117196197042	0.4005267373512719	0.4237305534968637	0.5395294618134836

0.7066230122725043	0.6161550287511158	0.46213205798586937	0.44389715339126157	0.5403381645421292	0.45837323539592234	0.3257418326905448	0.3556389156807142	0.47191916292678754	0.48746041595058265	0.43928103431793253	0.4145615472729547	0.422335817932019

0.5333244012565117	0.6209725180443599	0.5479005965901393	0.5094819431077275	0.6772717370186752	0.5618503388824323	0.45265068089473054	0.4390747546948382	0.4617738365697447	0.5696408393507979	0.5127970894005596	0.36631560188744894	0.5040692033021226

0.551258582753855	0.6410915108768696	0.6365057562765197	0.5797787958856276	0.6321138132729316	0.5529530453033142	0.465101076370242	0.49214960336387353	0.5543536751522339	0.6341714445428117	0.5567221882198378	0.5132654705093058	0.6172332512548435

0.4838630230669023	0.4607443342389733	0.5287502044030001	0.5062392164024461	0.5741514561750825	0.4285418766245074	0.37453159971630706	0.3926618445118887	0.40440315437871227	0.5217038083312209	0.37776513494586955	0.4929903321381209	0.5003601814289622

0.4717355846999676	0.46581674277573515	0.5500782511979863	0.5278985261117645	0.5383654743862024	0.5202211254485305	0.38656350018465446	0.5100668357636419	0.5627952596232269	0.5609792262907305	0.5198300831840398	0.440205552508354	0.5824532136322083

0.4305513816612203	0.4796413097223301	0.5470040135795508	0.557345395041347	0.5408758980389576	0.5643169442699193	0.40127672045761853	0.47678026180566335	0.523074676979484	0.5467771026240185	0.4543549809180025	0.4412995192581757	0.57172171136274

0.4445961568185691	0.4478358138055579	0.5828992190040969	0.597062325168147	0.5470084693784106	0.5917544349204988	0.4055824923069773	0.45229421903176253	0.4636584869919175	0.5474491092882849	0.4728708961325101	0.46456861765990276	0.5489867543201717

0.45852994249594237	0.426734303037553	0.5023764462606424	0.5017115423631009	0.5156431817077863	0.541861345948087	0.37474603507860826	0.4319256478967024	0.5062051628722649	0.5259851989411806	0.45693756989877976	0.4320073662189664	0.5255244618929433

0.35846371828681456	0.4090888048981395	0.4787291000151628	0.4883857910208817	0.42971490484927577	0.41530812480499446	0.2983680258703676	0.3685170899813497	0.34079029113583165	0.46435816610916425	0.3935975778903483	0.38489181226360497	0.4363542001473917

0.39350733423141404	0.418077039523352	0.3930091071036585	0.5415977274444945	0.44599568411106616	0.4271570762964423	0.4018566870831731	0.4283058065405887	0.3874764933365267	0.4681494018899379	0.36049373108675636	0.388220951594373	0.48944773892786664

0.46437719458984583	0.4469590626299903	0.5685917385436239	0.5207384958288596	0.5256487813381474	0.6076887511069513	0.4181499851456729	0.42267696383435693	0.5001629053648415	0.5531747886683109	0.5003536558463841	0.36404800377108204	0.537753974032471

0.38046877524659795	0.3899949675393868	0.4127440433474063	0.4847480883666978	0.4708374442030091	0.434877719949041	0.32736396570841597	0.41014606869282944	0.4099117237327202	0.4517949489316323	0.3654325588334044	0.429328091434593	0.46504338935947415

0.45880161848220896	0.43103976717157644	0.5071447064222132	0.5491671256253198	0.5283787323299858	0.52190288381709	0.3967147613645815	0.4360960706756704	0.40906356794094856	0.5031459312523495	0.3794506416902183	0.48171116742312503	0.528767973831641

0.4055682606888321	0.3559217978699501	0.4374343560706925	0.4647982537631874	0.4735840667618746	0.4415324050111398	0.37009580700169364	0.3966576133252692	0.3793296951719686	0.45246185066854044	0.3635648154192139	0.40819406707756645	0.4069654836710419

0.5347799999342572	0.5832303076106568	0.6424573997643372	0.6940464249751974	0.6704850648696941	0.50681496833899	0.536533157009417	0.530438501861617	0.4533125691172796	0.6472723103399163	0.4892209478409516	0.5138242254696989	0.5505363948926344

0.49941973757046704	0.4450616713318261	0.5729569461696904	0.6660821893791156	0.579598825093918	0.5796925749886629	0.4257373196767569	0.5113523167576275	0.46563441555997165	0.6311804299274643	0.495436174768006	0.5615559314720929	0.6011262823508794

0.5716508005240496	0.558298404977148	0.5889446159895244	0.5768829830381883	0.6522615591273646	0.5512678215187758	0.45017425984983284	0.4791790276555148	0.44591436876038476	0.5774173239574252	0.5116345333906025	0.5014125199238906	0.565785581081949

0.4313289902701102	0.5576451587111453	0.42436674382014145	0.5795366888541903	0.5415269558677072	0.48513987301308936	0.42036440690420807	0.48571062836278955	0.44568005049098774	0.5017046746656156	0.4251722818493779	0.4150812658958475	0.5601589685010627

0.4690496409864237	0.4488032860563486	0.47911808100194153	0.59172859143398	0.519765809589877	0.49880344441110736	0.41281972371574627	0.46696155617638513	0.48076110914472003	0.4963080522600402	0.3999719752927342	0.4647664495024165	0.5132578234089069

0.4552430009606443	0.46217135546003396	0.49618937046188083	0.550015031042278	0.5430429144685799	0.612792575487513	0.3839985248528182	0.4619864510387569	0.4633979227876332	0.5195402583816461	0.4474380468217194	0.41526143982875857	0.5512786001362693

0.5076924357702912	0.473301718989802	0.47887528776611166	0.4932389850597576	0.5999957907636756	0.5658873257514729	0.41724086070689925	0.43095197048551204	0.48774396311520907	0.5227008579658681	0.49159934796657967	0.3369290793049581	0.47579365563838383

0.42346978290039045	0.41101075960189953	0.45046990906728185	0.5597719582467255	0.49347723470020827	0.4641262480237792	0.4223589470507902	0.45213621138459736	0.3587237146224306	0.49420411321675634	0.38264568775566016	0.47516054517616824	0.5122232163179996

0.4450280948270143	0.4416996971572985	0.4432047364162257	0.5221315709895518	0.5632377208579455	0.5222645478838862	0.4139566652650082	0.48506409223558344	0.4612211099628925	0.5823751303468409	0.4311213306614201	0.4417522118684301	0.5506778304076647

0.5285386639894085	0.48700072986826115	0.58720225473038	0.5864778106009234	0.6951312063936972	0.5900719790743063	0.47129281817855695	0.4978527153570648	0.5513712488120583	0.5775558748262317	0.5156506484334404	0.47337081264095393	0.5433782412213337

0.4330663328729778	0.4322966546998098	0.4860880220395992	0.5583244182142255	0.49452625504809106	0.47171204082612145	0.34661637551108376	0.42684904184431716	0.3746383106650144	0.4919919581707454	0.42718168277338886	0.43473245611793737	0.47957582590303227

0.40648243107401716	0.4399737393135221	0.4461703663630648	0.5357833734311874	0.4750511652980921	0.5067344626857457	0.34633239302159613	0.40911596710708664	0.3611138463448806	0.4732833719082505	0.42649005736371726	0.3498527892572284	0.48936411116301437

0.41805235263774565	0.47754203868216993	0.5101703241630688	0.6061044942258845	0.5117011675599901	0.46604183713609626	0.35956228504843313	0.4288065856315051	0.494168649320039	0.514907654381445	0.44167221607136553	0.4418913864534493	0.5174313274463698

0.35599709432208415	0.32997093589147497	0.3792887238650462	0.4378591857186901	0.4279964406770005	0.4357650836185401	0.3004993158060949	0.3686477257961178	0.33751707806525966	0.45880509602119646	0.36200956751510904	0.36705668910424444	0.3930902318573033

0.4818163982783647	0.5034492811837458	0.5145697023713347	0.6681911171046098	0.631511757877516	0.5142257054506777	0.5226756514261971	0.5175379273227558	0.46532235736839245	0.5932669501636171	0.5246115758646974	0.4931790197379719	0.5442006206742644

0.4114218278285071	0.42494606685071645	0.5397618275112064	0.663706973556848	0.5075988278184702	0.4893526226101099	0.38450209324488027	0.4089441572873532	0.40703129255013326	0.5126150956249901	0.4117806627311501	0.5075840406217472	0.5397653224095137

0.4641548057022002	0.4711795462729592	0.5485241317391318	0.6891681501806115	0.5754775980015097	0.5451252520988048	0.3913961954140036	0.5186302235570206	0.4678514618476102	0.5456427465730502	0.4657405967672419	0.5039753527507949	0.5961443067604908

0.5752717151961244	0.5149029608151329	0.5711632674972851	0.7421982188852921	0.6575394354224786	0.5354279875282387	0.4516990810927855	0.5642455547138474	0.4501903738008729	0.5666522080121896	0.4786634365907103	0.5794120902164521	0.6030202081145101

0.40670561584529397	0.41469868584999947	0.4637565231351032	0.48628188511643156	0.4712138940020788	0.4264414746762867	0.3159031036720633	0.40546339119179975	0.385445156702682	0.4640693853097434	0.4052938820753532	0.42322773372537226	0.4692392889279399

0.4195985628004737	0.4289020889880358	0.4468400020529889	0.42485676116031185	0.5283470872629953	0.5554502684430034	0.3358409833623689	0.41795814617765625	0.3659067351846338	0.5064014125560619	0.3966443062261894	0.3277178915838317	0.41582338820587694

0.5016418065181131	0.4323426650014062	0.46659758541085566	0.5170725534979002	0.5217131679429147	0.5191788615331733	0.41514135537483376	0.43065510346964353	0.43229818380754026	0.5465610300600379	0.5012438999344396	0.5114932323078215	0.552218714766751

0.3622797436317373	0.2791169848457548	0.4116414814374947	0.34826088565408864	0.3749026594240578	0.4662962294193749	0.2540746334373156	0.3579576919644671	0.3416490547887749	0.3682677168732115	0.379959264371056	0.2615300099281004	0.40812689175773637

0.49277001517846786	0.5024272856326065	0.5035092594818499	0.53093666731001	0.5634983144342691	0.5596221762862661	0.4281071284945388	0.5402378214402601	0.51001565976478	0.6210081634428722	0.49231851963717965	0.5023012044133005	0.5971149824271043

0.44375076087715	0.4213145938157017	0.5243176534728966	0.5498650259236401	0.5008110535170566	0.4924828187197648	0.3396612239593595	0.3990115002891107	0.4232361077253678	0.4896154467106998	0.4288785402994451	0.427091352885294	0.46472328754199277

0.4421141250076715	0.4422288776859925	0.5335276600701057	0.5406853511524713	0.48959344797710874	0.5269737340499498	0.3499069664204536	0.43427071649764315	0.46595709102859006	0.5099373546090215	0.4688389146930828	0.3682565190999588	0.5251596426771336

0.5187673396942142	0.46038810045814677	0.5224250817891946	0.5782524469509824	0.6367215567643847	0.6115551824340784	0.4735081784638326	0.4907932337913794	0.49866169732143406	0.5894252803891591	0.5238696133363512	0.487644627509199	0.5863431062546848

0.5478262305468877	0.4558660773373935	0.6020876738707126	0.6411925130223697	0.5934454095313265	0.6060104780688909	0.4342698602498254	0.4529964069971547	0.4972314424491606	0.5999027810222143	0.5141222602992614	0.5002246007984733	0.5718258315081961

0.5198494244820309	0.3739372484242678	0.4448045494692022	0.43686751155198456	0.5168812611659077	0.5114792028528835	0.3593858178158932	0.49293076821004983	0.4183009612716853	0.4762695264515835	0.396877841460193	0.3788187300334547	0.4021729786855326

0.4996966888888381	0.46105559770728666	0.5051064632970397	0.558608123466562	0.5418263710109172	0.5384829197997786	0.388323684900554	0.47676295953715997	0.3946656889718727	0.5202575321642059	0.529219426893262	0.4138257707595916	0.5861132588432709

0.39903544905612454	0.38577376428305143	0.5251201559470156	0.37515101323870115	0.4604895403180111	0.5026209381950382	0.32602610299748236	0.3362149012733401	0.4328537527558565	0.4473174486248648	0.5056771424087516	0.2789838316215346	0.43018204312806424

0.5210521512823307	0.468623531294296	0.5215750725231345	0.537591150151953	0.6092370618654241	0.5998380214245125	0.4795846830394206	0.46861258071128725	0.420915819354718	0.6379411608200409	0.5593475073174407	0.4536380568302396	0.5458995124092614

0.47185530894508854	0.5607635867977188	0.597572394134197	0.5058595201021423	0.5309734401102402	0.5540204904374306	0.4282145936735583	0.4462878827585135	0.4836402176163995	0.583384043711079	0.5839315385309665	0.42565356932114184	0.5573123179399269

0.41722790250130526	0.4345304345149894	0.48659771136593916	0.5063505975276275	0.5001384170912239	0.5162060331412145	0.4002992361073315	0.42051492276382063	0.462064544870706	0.5188611766008059	0.45090763096439535	0.37353241642848667	0.4974526293011724

0.39130002312573314	0.4632530256682783	0.5251899417768141	0.46511207359748447	0.4725501576914073	0.5139047664749938	0.3410069304114053	0.4213397345018265	0.40818892163019926	0.49171088547502134	0.4681237393952562	0.39387243093179747	0.5072302784056141

0.5178496096515026	0.5520654012797235	0.5693936601268089	0.6019229350149982	0.6106733462435253	0.5757540793292799	0.4692914865757884	0.49866251159545916	0.49341328186919853	0.6192197297994533	0.6019830711602017	0.476624309728068	0.6507591847368308

0.4838758678436108	0.4888374379777318	0.5779343528364319	0.6286117062738004	0.5569153927012175	0.5517375740075589	0.4485377097266302	0.5088515656796565	0.5042587478099797	0.5641387286045412	0.5019406230368361	0.5207003718033516	0.6290446569080115

0.5087728295596273	0.44991936894084206	0.49358811687941945	0.5421903055624	0.5554058538950821	0.43452215835384245	0.42398082205774257	0.40080699723510815	0.5775671457315633	0.4992371917269606	0.370015421620449	0.3803250348361039	0.587679122263441

0.3786052654679293	0.43023547510629623	0.405034371238288	0.5312215927864768	0.453294629689455	0.40092770541303685	0.363857785293462	0.4390068601358129	0.3742644212566425	0.453808221497389	0.3659354690654276	0.37134308505127955	0.49153570804168684

0.5264202866199379	0.547553327429622	0.48136511476061683	0.6521947662530494	0.594716158939993	0.4873526938146522	0.5095425131261717	0.5586899016862399	0.4348193180572683	0.5503362099426992	0.4654170445613993	0.5597899688248609	0.5983843563810813

0.434303175029471	0.47943847496877257	0.4442996555401925	0.6410938983933547	0.5534747906516442	0.5129891354037888	0.45091854708641255	0.5029822406101283	0.42312920569048607	0.5479777009082792	0.4250002795890415	0.4760336000466683	0.5983126453971604

0.45654086508184444	0.4532421778289791	0.4130500517486049	0.5537693825234979	0.5399126607467616	0.41572549208974474	0.43353875632104455	0.5183972531929987	0.36568904888211085	0.5955243592267939	0.4436029732370358	0.436190758544592	0.5107181356728192

0.3215140770372691	0.2619375535733877	0.4302012613624833	0.4423463270255452	0.4157762603948052	0.3939145320876872	0.25337948289730927	0.4465910979647024	0.44978546881380266	0.41511237013907243	0.3507376087219153	0.3555692817096383	0.529508952443108

0.4675310389794297	0.4698969758003876	0.5396074779567573	0.5297011769823134	0.5334374326243069	0.5432363642248307	0.37683256942559107	0.46495715299087714	0.45508470398452483	0.5621167602816266	0.5387660229842914	0.4956829672863031	0.5892213645060119

0.5591762811157521	0.5647934356510558	0.5985284203142625	0.5619220054030154	0.6170703654699725	0.6112982898743251	0.46579580143171023	0.4519815502222966	0.5008584808660098	0.5949679267069237	0.5568224570307112	0.43288003190827723	0.6081977205555524

0.4557813328099197	0.53503986043969	0.6061697572361542	0.7159810676956033	0.585797897830329	0.6447099902161817	0.5087022579082159	0.521408920130878	0.47586033808321165	0.6271250752375097	0.5215196917711131	0.44392348972777596	0.5708094573165233

0.3808761878051916	0.6743822951062535	0.4963285677580109	0.4959626291872664	0.47662694620444446	0.47574248677555886	0.3798659742299232	0.4316711832624138	0.3938055499295362	0.48984997528876195	0.40314243322521803	0.40469445932912285	0.48124844360137375

0.5130206973851419	0.4389307067042152	0.5490987016288645	0.5724409129151039	0.5840320188721231	0.544976393588549	0.40965802504225574	0.47677097630834575	0.4417396615178403	0.6113277967956665	0.4947139188873778	0.54476988717524	0.5682748799448145

0.3438766193734427	0.35479621712598436	0.4374997221982736	0.4982644452147359	0.42993018311107467	0.3711000941690029	0.3290032089455941	0.3778145790322519	0.40974241773203224	0.4121614196795254	0.32810593731161186	0.35135464205450906	0.47833190211635856

0.5057941711450472	0.47024359212503286	0.4447252567026828	0.4608165925574417	0.5885741069639441	0.49230491408442256	0.37256593930933213	0.3982843007281467	0.41061094384156527	0.4888516220241527	0.44545651324970925	0.4048697157873282	0.46993071062682246

0.5640259118992422	0.4864210055572208	0.550790673282969	0.6004184399176602	0.6179547322496337	0.5931844895155074	0.43824190588516326	0.4966861789044613	0.4791672289693891	0.5815515410235839	0.5128194691634764	0.45067618000771736	0.6227949657973725

0.39041025019868725	0.46427514416441074	0.4872438893084732	0.5602317603471992	0.46647784903756107	0.4149422781458025	0.3675826638233811	0.4666865175596848	0.37040721076304434	0.461834897403282	0.38294619095286886	0.40505484630277644	0.5039758341197768

0.4763239167518273	0.40512478871324054	0.4680886539202912	0.5187598554769624	0.5607980126259806	0.47353938796808603	0.3604166379845567	0.4092459507925357	0.3839051827015544	0.4952348085409263	0.43970583769836735	0.4358158098676488	0.5186768567748012

0.4039382144168539	0.41578988141571627	0.44990482978989027	0.4718029473390627	0.4780969129742527	0.4279988929501438	0.32738617517096363	0.43655011261656157	0.3319948063971554	0.458816031105303	0.39754106900693165	0.4221942605877348	0.4715012618970487

0.4613861098244911	0.5155603548793926	0.5387403047032404	0.5210491361530474	0.5314718550165861	0.4935753203820401	0.39254439479822634	0.4199020492822195	0.3763176716023673	0.5306304148965975	0.5158296254965872	0.46718545562496405	0.526169048272227

0.4180029353711331	0.40269353692676363	0.4767409431185733	0.4623012265190044	0.48821922753406966	0.45701222696585964	0.3364378833656336	0.37261642139255846	0.3974163588788173	0.46353891898327565	0.4355787486602215	0.42561005772053573	0.49362923693590766

0.4274826451173246	0.4495727037610949	0.45005697878331574	0.5544050100907576	0.48931004892933583	0.49977376271896656	0.36922776206299945	0.4494393918737921	0.34833219052329234	0.478112674835833	0.3948842940213938	0.47482295462987106	0.4987481214008475

0.37176312443129816	0.4246869643831176	0.38974672029374063	0.44282283859269006	0.46036952008136023	0.4126004902041714	0.311713833706763	0.38082917172079156	0.3261884867685735	0.442256256689368	0.38523694818281645	0.37979279681494527	0.3957162326562004

0.5285086941895544	0.4997406760427001	0.524354513190924	0.5149763484653354	0.6669181089572975	0.5065467033369423	0.4130545263167064	0.4429519351186165	0.4305659084194181	0.5360427470767518	0.5369564521180308	0.43369361557815045	0.4886697743737719

0.4164696537106273	0.3874404599979388	0.4327714707166429	0.5049684583145824	0.47943312901127716	0.48153347535449953	0.324191391542214	0.44529859796757093	0.3609383934541141	0.485394023875219	0.41391119955591066	0.43492707895271	0.4929585354090218

0.533587293387316	0.4697085531626545	0.48128754393299494	0.618000127896482	0.6117214777054695	0.4813773988866218	0.44591164123676785	0.5027261101038	0.4231947830537205	0.49911279405014	0.366821966017586	0.4908558259606269	0.48696211061140593

0.5315184524465738	0.4564510874235814	0.5110897469188218	0.5837768416035101	0.5826414769580313	0.4913194229230283	0.44519445952107717	0.5022536527590233	0.44924333979991604	0.5360730361396666	0.45123492931483666	0.5176396311493813	0.545035614459839

0.4008019748410297	0.43875563934168493	0.3958314225751755	0.5373831695250767	0.5173020567355355	0.40253184796745517	0.36622344885557295	0.4172131328612137	0.36137942681724633	0.4204210566966088	0.3847703851546197	0.38957420048817154	0.4748136562980177

0.39081120077284826	0.43524126928199425	0.3732036309799778	0.44304013666814784	0.4519228706877202	0.4211454907529179	0.31644044124795967	0.3719965803366936	0.3028372202611515	0.45300343677214455	0.3703764783584538	0.3843223812411335	0.38827534057912055

0.4223334799651479	0.5067244499275305	0.5149263097686585	0.5025942143355325	0.5245495298599588	0.5183378427377575	0.38189369266897993	0.42378543945300584	0.4096932866802538	0.5626411427420488	0.487601258066589	0.38121342491529747	0.5194261951501699

0.4655519628436076	0.4234316624118357	0.5072999422825892	0.616349728711143	0.49203973755879726	0.3982688007426157	0.3847536889466169	0.3809265258149257	0.4868704150407642	0.42479578346160374	0.38470462410034656	0.4703139264539921	0.5047146648951869

0.44670697823579886	0.40510421980105515	0.4546746552260911	0.5703514745497409	0.5511482393189936	0.48644015907598537	0.39623852089415446	0.5078288502656729	0.4304529378642985	0.5986961616901203	0.4502063765751537	0.5023207247929558	0.6062835365875054

0.40437273545579594	0.38391076470072383	0.5619087528428365	0.4819533882848314	0.49702230514040235	0.5080355437429454	0.38630931793437884	0.4121171670336978	0.4914053603114598	0.5468557237874366	0.43092285143302067	0.38158152015697844	0.5067817059730755

0.43865595147331926	0.40596887778171953	0.4501140669432131	0.5235249091208666	0.49275268573036674	0.40293828289400235	0.351676085110873	0.44792008030667846	0.3826582992074471	0.4483570986426099	0.37588591166656526	0.46103326375145637	0.5181372443286566

0.4356608235715692	0.41856426741545816	0.5171545566559441	0.5343587361219122	0.511254335931795	0.5403715831314142	0.37956253093227915	0.389102749427917	0.46103763756770644	0.5314830073051549	0.4450607920972017	0.3916155762545621	0.5383466110412118

0.5356849733501026	0.5578782838434206	0.6081986704168223	0.5280738616043505	0.6345725624479929	0.6086375861646158	0.46169187220693286	0.5387542346701948	0.45725397743476986	0.644402688295368	0.5733268577842032	0.45378790541247976	0.5836220867468214

0.44667265181562243	0.4026414922942955	0.41714103957774307	0.5086262865218852	0.4971738517551933	0.44618979194026254	0.39657658309035154	0.5762113041763417	0.3645203398364529	0.46069952222695776	0.3937502672262222	0.4998677137792661	0.5283769186613483

0.501362632255042	0.43308968504222145	0.4511372168398779	0.547339948085476	0.5709271337171272	0.5235711256337187	0.43906515373156546	0.45864129641646084	0.42862472147645136	0.5580901657019985	0.4686362374214497	0.47293802398666196	0.5155634923296117

0.5026467817119326	0.5312333629864708	0.5305987597046911	0.6614230304200672	0.619018232358396	0.5747662014635346	0.5091839795741055	0.5961573314545532	0.5003855425750898	0.5943683191776048	0.5374726590122512	0.490908075309914	0.6302380119566012

0.4604814490420812	0.40750930680872954	0.476022352781434	0.5676395244007044	0.5608960485938627	0.5018617345301379	0.41208301223289434	0.4999992231862699	0.48833652872354505	0.5649658828555782	0.44461766873417186	0.5112748792780017	0.5888990054392413

0.4016889823990285	0.36097530930909405	0.44881171530742275	0.42865636446554073	0.4861023953926229	0.5087421726474777	0.3270277212325717	0.4180579327585181	0.41372621058664616	0.5050114940782551	0.4497212335424653	0.3287426408038811	0.43242060046257447

0.4355084683345041	0.4250330479123715	0.5342951329143308	0.5450932060306432	0.5163804030996344	0.5118094219408863	0.372690280917454	0.4425693576896329	0.4541156305511449	0.5332687695751815	0.5044375196184241	0.46214056165583484	0.5699646760588755

0.48109350382984123	0.44847941009152326	0.5043529829656564	0.5037318433127929	0.5277079661572844	0.514631314702207	0.428342452222231	0.45734025328757555	0.38341421875344533	0.5221565499211299	0.48598420138578646	0.4601299729505415	0.4729401250237474

0.5407239522939078	0.5411065740485019	0.6025259016556108	0.6743394265625002	0.615961743527763	0.5326114744000994	0.44239548353469643	0.5043357302687794	0.4547609205986559	0.5642342890696141	0.5537043903781049	0.5413672899866677	0.5900791018136733

0.49057413552009776	0.48100589623285916	0.5381130439745723	0.6593653504468565	0.5745411043390708	0.5254301871431328	0.40587863899978316	0.46094417853719927	0.4516053834983591	0.5345609029684087	0.5198647383341009	0.5182889545529789	0.5528065773602004

0.47975494881849234	0.4805138605229399	0.4701936046944342	0.6384959729334615	0.5423242943074736	0.4761495020590081	0.42493293882837774	0.4624510035162087	0.43239261347761965	0.48780620637651106	0.3962025569993967	0.478975922226208	0.52954123785633

0.4866430938013771	0.5300559425936789	0.5298729567422278	0.6420245195963947	0.5879963296682997	0.6623500531809868	0.49395821284642344	0.4923634136898637	0.4937666101290801	0.6146384920615426	0.534361043371677	0.4847850432056961	0.5824755987423478

0.42858179770500604	0.42614960498162713	0.4418714550721905	0.530484796716443	0.5490315888440865	0.46658629262366724	0.42701121934798414	0.5631670083506115	0.3889282940312637	0.5916117273880935	0.42330738415644725	0.4391582010105979	0.5547162863194144

0.4989213816415837	0.4121668938895568	0.43607046859008125	0.5553230355050678	0.5101963354459613	0.5760073757972914	0.4247050618862812	0.4756370017736029	0.4540258845811723	0.563722947256048	0.4463305266977417	0.48190472865428036	0.5156057653982147

0.42805328950316635	0.3160179010806319	0.4514974431713193	0.3945175892925118	0.46177555405826987	0.48808312292032524	0.26399772885236933	0.5531222449531509	0.4576932070904835	0.5112280012602337	0.4668893266669772	0.330551493746456	0.4496462391986646

0.41386688913973235	0.407989590389377	0.44380267478084146	0.5675200274910848	0.5231424131608982	0.5243166822782529	0.40448096795435545	0.4942382396221326	0.40684257732673296	0.6015923822005326	0.44715790445239223	0.4234650115394707	0.5287973910227531

0.36839696043319947	0.3236012320499908	0.407554978166466	0.428831309133939	0.4331444982609066	0.4506068256970772	0.30597221940982944	0.3793815162234677	0.3795978410512105	0.486131657342037	0.3802206787804081	0.337591799879998	0.4191113464263142

0.4488702971044046	0.38310752369727197	0.43449030479039574	0.4804624145233084	0.48633401383138486	0.48041481142491904	0.37166580439560337	0.432777591489257	0.42488117482407506	0.4608150264675433	0.4138545756637132	0.41857795361389993	0.4100057031550378

0.38594221505233683	0.3556690238854161	0.4690668409882351	0.5568756128439198	0.5185431417577885	0.4594727028047158	0.4008848628470596	0.4502760624633806	0.43625412058282276	0.4706977767534924	0.3960231923453632	0.40394657036531945	0.5618006887382636

0.40712169172306867	0.3621421564338967	0.3999322720864529	0.4259163487894856	0.48307898345239164	0.47143308940777706	0.31915559935405413	0.4454270737272595	0.3546464886343172	0.44455935986166745	0.37188474001364347	0.3608338653435351	0.3880203734296467

0.5783611827957342	0.5020371590453471	0.5420458468665341	0.596491301542601	0.6396077204125988	0.58754099111248	0.48645384487606225	0.49786954492047875	0.5198126598577069	0.5986806594005974	0.5616906748999991	0.5180271989408124	0.572931085653928

0.4395477645757293	0.40588354603815413	0.49834221812889246	0.44251747758615634	0.5130682929287258	0.5278519802041897	0.36423859333030295	0.4213971141195223	0.4155619362030739	0.5214335619733239	0.4960072676487598	0.4113444741556655	0.5399141936084574

0.5145375887161934	0.44073543029123946	0.4897846690758064	0.5542350946790512	0.5756862327354633	0.45256708003960694	0.43338261798458855	0.5318669216530643	0.38051922800051585	0.6085089922157743	0.4830509927158346	0.5192664689893227	0.49812994406302313

0.5763155726505989	0.45729784944325874	0.5341662611423583	0.5446945200199842	0.5755744102019238	0.5287881410477592	0.43268840891415616	0.4461743886761028	0.43609626112993816	0.5741438164693756	0.5065351594500018	0.5520334139813046	0.5137639984987104

0.4588822434288935	0.43552484648411754	0.5745173241647252	0.45495722310011577	0.5068581937132369	0.5542332566498649	0.37347137326715474	0.42441248273540433	0.5164146917101391	0.520185244641661	0.5485065124383811	0.38952528154030464	0.5244165359824102

0.4767204930053329	0.45010476163975927	0.518711025944683	0.5345834206105716	0.5384993630873443	0.513560108845605	0.41226445806251566	0.4229462980270788	0.462611618338229	0.500679495579215	0.477126377271363	0.4219461716672287	0.5357499683241169

0.49713552336602107	0.5212429909691267	0.7001057163369655	0.5102938249300865	0.5995934204007975	0.6173567398913788	0.4249312688507198	0.4114876902173169	0.5448111317929576	0.5684396474789253	0.5475201466297193	0.3731966180716938	0.5522050600064009

0.45150375433554435	0.40272287801896867	0.5316479726583166	0.5383598483479722	0.5135986820999542	0.4707992740498047	0.37415552598743806	0.46862103986972475	0.4173415669248012	0.5236574110949813	0.4576219396212074	0.47374419480465346	0.513660630362869

0.5662444361084271	0.4440131199477093	0.4915259328435534	0.5419657042799654	0.5909999590729411	0.5302920065815866	0.44945746786774593	0.42907399599724266	0.488938558322093	0.5116048657202192	0.5356822024621243	0.41968922602019465	0.49737561254448137

0.4429732537477201	0.4188527983054437	0.535189359865801	0.5792566175132279	0.5388224484846438	0.6602239370743683	0.39446663993150477	0.465412324475074	0.4734527775655277	0.6830017023196422	0.49265966692561536	0.43421791012708916	0.5795663370113102

0.4806633133003403	0.4217070491784633	0.5174449182926719	0.6183573952301473	0.5847024788591266	0.6247845759537882	0.3994721161214172	0.42461394866182695	0.4610409125413759	0.5303700998811184	0.42864256856506144	0.5172159004363027	0.5762877366703609

0.4531920224522087	0.44202225667143746	0.5267167473201423	0.5811174676944592	0.5488843041278023	0.5347836526517857	0.43905097574712065	0.48400257556343174	0.46584817439141213	0.5812049984288434	0.5321378014944689	0.5177958422918527	0.6268524343331612

0.4082780374688323	0.40446269136831775	0.4637183250678344	0.5141335263977451	0.5043832444066227	0.45812618684854245	0.3794494917954427	0.4192475452374547	0.4506937628841843	0.4769565528025391	0.45684403101129345	0.4245848311394741	0.4920811513013555

0.44188717529940846	0.35860550388618206	0.41460268140038425	0.5186892736627958	0.46714578433339854	0.3758123687571535	0.36399229805554123	0.4315290439063568	0.3647494592195957	0.4274767506910606	0.35408589295295745	0.4352260316017952	0.4237349858584346

0.46356318571232435	0.4283253592180158	0.4873872648266613	0.44938521734138814	0.5189761889497283	0.5270492201913759	0.3688180273237737	0.39164480882170283	0.43947267277533364	0.5018241656427825	0.48616345785264325	0.4022509023206215	0.449596368391738

0.3917249628060603	0.34108875929130433	0.3946417641544063	0.47365309637957853	0.430895652790809	0.412279570800183	0.3539603323360999	0.40209208960552945	0.3386359295045266	0.4311763408257729	0.3717548331039116	0.43789032392521793	0.449109144540091

0.34710398085495286	0.3233769697705098	0.39252714472396016	0.38621569042196713	0.4009899952452448	0.40318757308414077	0.2667560543213558	0.3312311035381137	0.35540363070337455	0.39008108242261424	0.38330156784611447	0.3643394215231577	0.3686264130785759

0.434381269108157	0.41208951896755686	0.4069732147866749	0.5105588062862114	0.49947173073953893	0.42692734184003356	0.370966243557611	0.417916351750527	0.3761297649501515	0.48358721757657175	0.38146605017522606	0.4558694291348702	0.5132678621033084

0.420545347141119	0.3886335369378529	0.4037470280959445	0.5742841390116011	0.502600141459886	0.4932555606760814	0.3878406829379317	0.4418516671409504	0.5138201854349265	0.4892805097823381	0.4057734329166933	0.48170577335663395	0.49474428334553033

0.4810498867845941	0.3852022705029819	0.468295744287453	0.5365693635449864	0.5046278861473223	0.48250736815397666	0.35440672039354537	0.4414448524749068	0.4198123882456227	0.5505379748167865	0.4822608577955959	0.4596834158931476	0.5482750621514115

0.38677960925724375	0.4133391775411297	0.4473334374395028	0.5278418879377476	0.48389798330535194	0.4005970719673885	0.34658279492253424	0.4005899701974015	0.4020353105072467	0.42876491147875345	0.3815740815320343	0.3908673190346621	0.509830488526788

0.4575918712087991	0.4243773578277673	0.47828424586765583	0.5501012682661467	0.5180531959081061	0.4905275692519123	0.39153919862326525	0.45991605802722507	0.3752780439866975	0.49008071580212254	0.4023037510312424	0.4284380862867555	0.5304409467506479

0.44970546852241394	0.4229422434495447	0.4173437157625037	0.5532093715050689	0.5255602118790919	0.45273473023632693	0.45423587150105593	0.4875653056101461	0.4084823323844959	0.5196909132170382	0.3836037865041547	0.4517245011795479	0.5122816226063687

0.4731546516640276	0.4374007458293821	0.5038070429539828	0.5363271591090909	0.5301353481940372	0.5797058121482916	0.4067360246645707	0.46150472894064576	0.48929086486226125	0.5953182598608654	0.49148471447641534	0.4921532198316505	0.5232577424605299

0.45358847309726236	0.3859034697827267	0.5395855389189281	0.5024702241374683	0.4935467470747673	0.507519214988106	0.3297527124096745	0.46316573510990344	0.4724513514069155	0.5010241509821549	0.5738785034493776	0.38780909136851865	0.5880182643376126

0.433948904694116	0.3704335386401634	0.41879074290670637	0.5583947199603204	0.4863454086656437	0.38792693516581195	0.4165411198021465	0.4654563558993206	0.348121098977658	0.4520625141419957	0.36977759484099937	0.47893161867521006	0.43598679360255044

0.5010841747051782	0.47268928865315485	0.537182137604796	0.4760997970132308	0.5524279913121668	0.611823840851128	0.4331540625726639	0.3970603279432573	0.47394770586659735	0.6036653046910914	0.5380648211193301	0.42911954465056346	0.4549545974124197

0.4855612467850995	0.42187146493989325	0.4947460015796111	0.535459519221255	0.5631644749157706	0.5855772215330024	0.41853464583234956	0.46782104377798306	0.45805646204905726	0.5568191504737412	0.5291657994886727	0.40033760656750483	0.569094060710136

0.5024692089016574	0.45176343016748366	0.4605961060478748	0.5612991434737842	0.5641598087439147	0.45374820777292246	0.4107385852699613	0.45478671036914786	0.47220943628496237	0.5170088456008086	0.42498637598396183	0.4873791285842911	0.6174370028076978

0.4541675043168364	0.450929589366895	0.5536419595568147	0.5990082140382554	0.549427005417098	0.5419531801630365	0.4494733671131782	0.491666713331254	0.46469846966712525	0.5537464492509632	0.5127296329947216	0.39424594087673737	0.4974133937566423

0.5357126700745665	0.4847825140680361	0.5783541832593969	0.5787316103269422	0.5757772867129503	0.6427843039699421	0.47609735842875234	0.46622391318584666	0.5138931428649458	0.6598812445969038	0.5038090899926373	0.48248718723513495	0.5424743317568168

0.4652464347799644	0.48201692188560197	0.5901053538675194	0.4649366987435105	0.5491143820521873	0.6735692349446301	0.4124309470190107	0.4069080574916588	0.4984849939415948	0.6120835707711509	0.5842453701286652	0.3740722038584916	0.5741522723905108

0.5212383427210987	0.4132695370776279	0.475715011688269	0.5052088125191362	0.5821524332786063	0.5651329563773801	0.37813696804984975	0.4788504214528607	0.4531827363791048	0.5613653896586867	0.5167607920146113	0.45452769169637913	0.5328229464708791

0.44661589541134367	0.42815970514945106	0.5085643372302313	0.5646894939302403	0.5457826168108986	0.5472750741499061	0.3821190654552959	0.4558459060673815	0.4198211865552439	0.561095049010006	0.4763290886010073	0.4028421327866103	0.5101814778710227

0.4499176064069808	0.45323143960360335	0.5339033693152127	0.608357756395941	0.5556898711575955	0.5769172451204632	0.4096968362798081	0.4481508279237755	0.44746380996047674	0.5510027926218151	0.4667357143908621	0.48580010121713046	0.5150097774473856

0.47035795422597165	0.4269987283256843	0.5770245628739137	0.5102217922786276	0.5616783205132602	0.6230495094044719	0.3850003127841304	0.4725533719187972	0.5367943516280878	0.5904893213251486	0.5206017605010678	0.4293797071247418	0.5993029285836937

0.5032880842652557	0.3798844810079225	0.49154894435947755	0.46516383255891647	0.500763390156017	0.5653944391725838	0.33977099843941955	0.3872480643448696	0.45753893092085285	0.5240835025110571	0.47246892797978723	0.40625433952185597	0.48961638110617606

0.37967244369030273	0.3358531917699441	0.4137569042221899	0.4431474928184779	0.4372069651155691	0.4479052766587985	0.2983219195063489	0.40362702044113513	0.3482790877683817	0.4351173052629507	0.3755075592639951	0.3895475677812575	0.4397943333455955

0.2852997356098894	0.28857171297465023	0.3129868826949135	0.3529600425464967	0.3340098081878522	0.305103875456081	0.23070051230290717	0.3183265129912858	0.3261109265221486	0.2949837448464334	0.276999980538675	0.26296064642883354	0.392792319827841

0.34509553869514775	0.3304181114743811	0.4293282869228475	0.39632673457693507	0.40677703694650813	0.40800957165938934	0.26893853039610227	0.29044703304017455	0.3353797748516972	0.413947261491884	0.40185959957298756	0.3634258744664378	0.3792295591253329

0.4845462779574289	0.48208101892538396	0.5586327440883768	0.4906950125888504	0.528595768789665	0.5180269163844332	0.39228802146230046	0.4150629942602614	0.48213083097921877	0.5135155177231041	0.5630219506184704	0.4345073919983601	0.48474475945874046

0.4327581002124582	0.46908651049952765	0.5342496973276332	0.5499692653019719	0.5558475368081576	0.5435165099642071	0.42517027128487567	0.4323499776394238	0.4684308546612391	0.5628612394113608	0.5261426798559439	0.40566117121042977	0.5259918349987485

0.47293190662389006	0.4141556770606064	0.446600773437845	0.5335712231878291	0.510894651541416	0.5131683636617037	0.4394281381087185	0.45316240170031113	0.4420383384832909	0.5278981011206147	0.48228738509311114	0.43732352313398637	0.4674110145873802

0.4141956453759048	0.43097970817092834	0.4969372752680228	0.5372007270803121	0.5166105937072696	0.5291471281044976	0.3747169946551336	0.44796314358264877	0.4746740696554855	0.5129775262307439	0.49210418873324147	0.37440139801093963	0.5037820889969402

0.5109901621714216	0.5177989434825245	0.5942045705575949	0.5538162353208507	0.580072516989762	0.5723146825870484	0.4783198390182785	0.46364370839164415	0.5584127871991282	0.569293478273723	0.5537319845103358	0.4542234263086473	0.5207407497938386

0.6138287753480705	0.5876901402468069	0.6576435057322457	0.5444455422084707	0.6282544899726672	0.5647520056949706	0.4675867893319319	0.4240032980113929	0.49453552196334527	0.586152805272538	0.6064825716677369	0.5099015940425486	0.5923580509479449

0.39296479734267226	0.3762585055631089	0.5656378515955002	0.48219204625841766	0.46033931977762726	0.5171508421242179	0.33697785593187146	0.45934738918841744	0.43619888460848844	0.532689589161649	0.4939105090712544	0.38942362872095393	0.5274014811766523

0.411897959939334	0.4034383408408453	0.5674807024396961	0.5066018973033688	0.4811074138800197	0.4999750126939373	0.35252108817468164	0.3811888568112156	0.45977177888679155	0.5070782389241315	0.4854873608934024	0.43705945428792226	0.5834299886099263

0.4741242869998609	0.39591725213292656	0.44490046696462093	0.4865872651089398	0.5446629587378223	0.5285864394615958	0.3548039669931866	0.4437878897048837	0.38014086010867526	0.49595055484984724	0.4631226201507414	0.4351262862756314	0.5132616501919397

0.4052712461063833	0.42398824364420973	0.4095641819719093	0.5363223804285411	0.5189854604219135	0.4093293402155609	0.3748285246699475	0.47908815150607076	0.34938231075588266	0.5131840694794724	0.4128252142931661	0.43955798055792383	0.5261537374567933

0.4925097246350708	0.47670496152734554	0.46523234482189313	0.5809730191344714	0.5575087197512965	0.5214273468765277	0.42795919207102384	0.4579055412405728	0.4305614870794471	0.5395068250596998	0.44506419392394353	0.4676294299968201	0.5211577007608564

0.35476607096774965	0.3316076542164652	0.3956090743914846	0.4397684383784983	0.4207614464643572	0.42074278446083635	0.2877371784456185	0.3817416495347926	0.3456421287935749	0.43382150447169776	0.36604643373074797	0.39624571403822517	0.4078891212511242

0.3670148426939731	0.3760231240186077	0.43541476322553474	0.4787744899569214	0.4767645173962487	0.4942961387746959	0.34068591462836395	0.38770359537796456	0.41017632341243254	0.46020774916340357	0.43126570663234265	0.3318642508272386	0.4006293258139853

0.33059909999565407	0.32198537617526557	0.3980427758454283	0.3904545974362128	0.4275715809249495	0.4932374335678434	0.27351889364531073	0.3256485353634708	0.3580341461051445	0.4654903957369367	0.3241144789157141	0.2813326772631973	0.3578923410990338

0.4277653812320825	0.38357587128779147	0.4818772826237651	0.508564925974287	0.48297468088948114	0.5129066889811126	0.3452516727583023	0.4542874691805062	0.3805395137352665	0.5215228739687517	0.44637746914187015	0.47880836941567306	0.5127091378942923

0.3633588652986782	0.2897593261409968	0.3893363870562482	0.374185159759701	0.425193685136685	0.3767319564875381	0.25426098486211074	0.3742640500878579	0.40464062273699275	0.4259509341166037	0.34028957374173907	0.2804365433571175	0.417100751111093

0.4957269455930028	0.5083071963621703	0.5705063596999091	0.5010481085765301	0.5816047072342972	0.606832891269151	0.4384600767854907	0.40780941168428486	0.5125888837914634	0.5828816290682258	0.5489266444786789	0.4216410851667876	0.5601734269100531

0.45399225989991254	0.39717234080022146	0.4241614330199903	0.4321698274207951	0.5067876651599731	0.5780056361623188	0.36490567009615893	0.34744702904289554	0.4403285687880062	0.5235990310880867	0.4566383864234207	0.3683099312137198	0.46315132385248947

0.39540457188633826	0.3242131377033498	0.40231801156188973	0.4492302251862148	0.4210639366544795	0.43373672498308247	0.2697709996795965	0.348455605167749	0.3378373436055919	0.42765460037100134	0.3889753907600343	0.3676429343571028	0.39255901821608236

0.34585231221656715	0.3399791317537195	0.42370419398960646	0.49314820616287325	0.44342175264131833	0.44259349402096404	0.3205284938530081	0.4885844911794839	0.39583682067982917	0.4382415996719361	0.36134305396796396	0.3893987549537576	0.49133709467283804

0.3536669390307633	0.3316561930620747	0.4061861466490001	0.4604451458146793	0.41776073562890936	0.4318709176114539	0.2837702713324299	0.3950793789465252	0.353593190211184	0.4429292825956991	0.37397899144546753	0.4097208102151012	0.4717692822772226

0.35952359549450363	0.3463854108047063	0.3801103761467211	0.5137895033135113	0.48125661568963796	0.4025036306079588	0.35509245330922	0.4525834837647063	0.3726135557973349	0.44827874679259594	0.3414856649736516	0.3753655993493238	0.5051911141420495

0.4689791520030789	0.43650860532330427	0.5474227363876284	0.569155210576133	0.5525977378352989	0.5442339892585384	0.4073839115213097	0.45943243087918173	0.5211622088473415	0.5282903478563677	0.4465926432834341	0.4781443949500417	0.5696822860358918

0.4718995833250029	0.36738653497165563	0.5078457005988978	0.49584923095682343	0.47086306558511004	0.5325852673854217	0.34001177122508014	0.44171426455199037	0.39174841895343393	0.5141183187945402	0.4408885907460748	0.4464146847101218	0.5238135803434553

0.4398326547172806	0.44902767651792336	0.5131047999473921	0.5792078234456197	0.5500372665140827	0.49440184401372556	0.42856093332140954	0.4311229617547919	0.48977732867114	0.49326807256737887	0.40717070096656305	0.437419997613818	0.569492684171875

0.4200312970635419	0.36906760180972364	0.4205312867866905	0.5015092299769566	0.4622670890919326	0.4289145575001486	0.37720493357711327	0.42681207934467913	0.3738538570403521	0.4318867294060408	0.34762687985726703	0.4302947524854708	0.4539853484703023

0.37907342624412743	0.396735618448278	0.4039023374064151	0.5656481263559203	0.5354969669686055	0.40096540176843415	0.33601414667560636	0.4665570572071921	0.35477019079322425	0.47619137650455523	0.38575075138838455	0.49378665281713596	0.5229045018344791

0.3533150040575496	0.3394724053858546	0.4344269970419723	0.5012426833705613	0.41876351113115706	0.37676156113076753	0.3189791675966096	0.38227400167293457	0.33710498453634835	0.40854970519567035	0.3415549455954561	0.4120024515399347	0.4771280896323083

0.42510695891524586	0.41863069333667563	0.5075319191286991	0.5224409564961873	0.5441537055665462	0.5286741605883776	0.3627354290484234	0.4313875729735363	0.49186939130765206	0.5259931053536774	0.4388785716823775	0.4049734320919599	0.5388708917150814

0.36163258562642475	0.3845586670971496	0.42329141166420325	0.5592197451904988	0.48599125990121506	0.4847184629399809	0.327193768009845	0.41712413035488305	0.37576361250877355	0.4806954024586857	0.3677020500844418	0.35228574548870606	0.4457110409981684

0.30347697792794426	0.2879503475824641	0.3785388435478573	0.4694730459557219	0.3766590256237051	0.34824472861288236	0.24616672838508807	0.3736668440520535	0.32709962938231546	0.3918123848743861	0.31277992322795406	0.32349423881051054	0.41994904399016936

0.5414804015726407	0.5318191709777584	0.5680061238896226	0.6184440913821777	0.6376706355895049	0.5430673130750604	0.48440031537511763	0.4772666464040174	0.45515808774498123	0.591832539835435	0.4947639788539394	0.48496616346654087	0.5521120430338855

0.4911600857353107	0.46782361940322525	0.5727118019456834	0.5099612999606657	0.5870516897183475	0.6558521557100685	0.4084012965864099	0.3671785084205478	0.4429271884129372	0.5283496576290584	0.5032611238955813	0.44902200825035044	0.49131097014060426

0.47658921816540223	0.4184537737196692	0.47819682202775715	0.4805517382939596	0.5151026341679588	0.5032903856241522	0.3403971352933215	0.41604807378927533	0.4548216684753067	0.507987973120374	0.480047033794733	0.35879130024677974	0.5004173609662594

0.34800680023737873	0.3148392711326594	0.318837168442329	0.48053574377238734	0.383023653853963	0.3185367089726996	0.30172540873618026	0.3857598662984878	0.27355109963432506	0.44386898612846976	0.3269809964295268	0.4198695205237521	0.40593486949413005

0.3990143230938323	0.4095913071783447	0.44475064062499037	0.41400195195853207	0.45509483575229126	0.46318041220467127	0.33343249616209625	0.3448176571175272	0.4718331774673741	0.4604390609798857	0.44537830817683877	0.3536147171524928	0.415535434687025

0.5158633941250339	0.4172547778691428	0.5728500438062352	0.5657085086178602	0.6040563201071186	0.6080554597133055	0.4717483653703051	0.45468632378282914	0.5020442917413145	0.6178680838004376	0.4495832380136602	0.48636982295222086	0.524077265815029

0.43199541435401345	0.4038968599777788	0.46031764374631323	0.5357865101133783	0.5228716050186643	0.5911473030820881	0.372677987541602	0.4757423154779209	0.46329067335386526	0.5713064753512871	0.44904558702717856	0.47471538375944844	0.5190288245391772

0.5246402956206866	0.43788434472287935	0.5800659894348045	0.5875424789463772	0.6205753545475535	0.6970304206008917	0.4351592500145128	0.5052316193656758	0.5349723627297139	0.6206584577242462	0.5088664228108879	0.4764661075447546	0.5826776533484882

0.34244669289062135	0.31325918302080624	0.3911870189082372	0.42269350141887196	0.4418079338451019	0.4167831085653675	0.26821359231111247	0.3361386064519325	0.36787915773225965	0.4409306806245945	0.3518993792950252	0.398047827368393	0.4204109712309202

0.33426388050771066	0.29167501574042964	0.3848513130227771	0.39050213444772636	0.4352487174951981	0.5194776217089899	0.27429118454711665	0.3483381065372674	0.4135761069625835	0.4347561649233583	0.36885245519797627	0.26252060882409706	0.3984449030300884

0.3107556736659007	0.2743307889148206	0.34607074062444376	0.3949117349146413	0.36383797885518415	0.3910722302923876	0.2371082735839698	0.30054774079772095	0.3337209421770787	0.3807201165404286	0.3128109114535096	0.2761266227758257	0.33893886459587513

0.3363739360527457	0.26038746240509847	0.3562345225572788	0.3617943770230047	0.35476848788914744	0.36815354663239064	0.21509627930165034	0.3126639570032764	0.303667795473019	0.3571065452013541	0.3450811978665166	0.3107216692826555	0.3418837563532916

0.3543423450070292	0.32006664421914816	0.3945069605880428	0.45075426603045476	0.4129527924708741	0.42730691248952696	0.2879500470705718	0.370176306940277	0.4501283930469274	0.42390489378815865	0.3682702492920634	0.38767511764632645	0.44406356677574943

0.34917796637397586	0.3128974122633697	0.38273044997579886	0.4266006783638666	0.40474399385995785	0.4107250108167587	0.2876151460779284	0.3541476200158634	0.3630760112573067	0.3906112189208627	0.35334936915562104	0.3694844661427601	0.41886074547639063

0.38746776010015105	0.34757208551443003	0.4079447647219081	0.4545886891418882	0.45934876975718664	0.4469474953975059	0.31991464890400134	0.37488727637135544	0.41368158106249225	0.4398261450439077	0.36940056156847767	0.3737646728811695	0.41214087381925957

0.35754980210781084	0.347873862275063	0.37505819607562774	0.473578712819842	0.43389571870511556	0.3996455257910454	0.3129644662151838	0.415503552388345	0.42983805811419895	0.4377677443240078	0.3628360436345194	0.45626780293106645	0.5145641549563331

0.46765915815565967	0.4498253300192504	0.5135793071604302	0.5461795086232124	0.5179315403806002	0.5066527997054204	0.42015078373847753	0.5841795994911936	0.46919793947592997	0.5299817739948531	0.5074080235184031	0.4964975205841631	0.6851702608942295

0.2858053849327612	0.2732249119961161	0.3418416667701629	0.3214038147222372	0.35525249118420593	0.37588844570315105	0.24096652849894196	0.27235767365520314	0.3129446077310878	0.34467957259497256	0.32922103915300127	0.24322841418151248	0.3293264056407831

0.49587220874598337	0.4383958171124291	0.45389754048633724	0.563868151372702	0.5335154488239617	0.45285098402919044	0.4136536011092474	0.460580487651817	0.4527851385174114	0.48694310897167653	0.4438622660450907	0.5054791518210017	0.545919526743755

0.44078705491484155	0.35228790352917083	0.39718029042376457	0.461504520781762	0.4784360346435826	0.4964745373031521	0.30160799230909074	0.3700899497043167	0.3491780982002896	0.4477676419773132	0.44209894038193465	0.3849276432074569	0.4836072180397147

0.38424384274917966	0.32224157393114206	0.3773257006791065	0.5240509135523933	0.44217420560771403	0.4286741273036634	0.33081136781566456	0.40923018197966515	0.3550220607221346	0.4224049099489606	0.34772752483040925	0.4647987825066574	0.48734974578654233

0.3879828547788161	0.3555724026710112	0.43244260434958204	0.45816859877918115	0.4746100593270536	0.4749388490416639	0.31712446123417143	0.3942192831442143	0.41408550253796284	0.4652926867197592	0.43141998635854945	0.3534017207664988	0.49431081572926205

0.48980922794210635	0.4614099411459528	0.5277192032824272	0.5281227637262842	0.59457104347529	0.5907353736548091	0.4323743863338829	0.4320031361894336	0.512262557648471	0.5249111937289559	0.47654827546190826	0.3931979644433553	0.5325081693925977

0.4332307489605419	0.42263123387138174	0.5161132555176412	0.5547409039023405	0.5164548123938791	0.5274649577174894	0.4169072640668674	0.4599438232933243	0.49092744045384334	0.5022682916300991	0.4827806116467859	0.4444323665044942	0.5443245163507543

0.45563609311539	0.4683526803070872	0.5418150999049917	0.4959124150026343	0.5615887360012262	0.5329549990749203	0.40020924119650697	0.412596919490152	0.46645994211274777	0.5453887297954205	0.5302552008570167	0.3868888199480936	0.5063999932398656

0.32926929889083545	0.26624375150661905	0.3408519981877751	0.3260665021474341	0.3852917279799148	0.5012925997838173	0.23084274637717037	0.3407971230389918	0.35304687616078245	0.4029660993661299	0.34018338109648977	0.21665532544340002	0.3261767662665543

0.43688847644363193	0.382689385913597	0.521113702178694	0.5469623823399455	0.5162134079467782	0.5820843686602217	0.3798126777844961	0.5173882344333769	0.46842773406191923	0.5119312391878201	0.4288290856474052	0.45828098154828667	0.551213545333971

0.4663347316683979	0.4135250864172488	0.4572631951246986	0.5655001780478679	0.521580584293958	0.4762819012158175	0.39184863705744755	0.4288772327003044	0.37739097554711243	0.45484132471155425	0.4210481083213882	0.5292253392665607	0.5546901448693666

0.4458963606291384	0.427846089161542	0.525276618051702	0.5419535985191617	0.5304138609934891	0.5584107994711536	0.43160165679143114	0.4981253733966735	0.49992342983970806	0.5478925441209546	0.45097046730759494	0.4667831064991229	0.564365350681169

0.5485548213666478	0.42994365477600993	0.47863495825444036	0.55722555162684	0.5867768561656874	0.5274512433606582	0.45851193828456344	0.44565535595892886	0.6973688759054805	0.5645583307765467	0.5035512133028671	0.45757707465815856	0.45139577565887357

0.29686019400858304	0.30905178893898927	0.36897592895165193	0.4480920929094625	0.42573044933547927	0.40248183818683436	0.32461288645892084	0.3409236841334208	0.32211981610981977	0.4757234158167295	0.3133808244111914	0.31144853210882134	0.3986397692452326

0.4116156028052312	0.3832319113617235	0.4654432593699327	0.5225232114798971	0.4997440531011488	0.5683508505194886	0.42304163892321967	0.395593250100557	0.48701258533815805	0.523374195848032	0.4165176723306707	0.3920883103899799	0.46667597082221257

0.5404285468319541	0.4653621866458135	0.5092141068488135	0.500455431283734	0.543497272013505	0.5145317217497043	0.4115326882354415	0.42421122252969085	0.438597186613058	0.4966631989994619	0.5578113200149379	0.41423377884294266	0.46462189612275256

0.5199695384872881	0.4450871763005737	0.5017864055469489	0.6177849253678154	0.5922598294725756	0.5869494639045718	0.42591134729626756	0.4875773838907654	0.535676387454324	0.6043227189692342	0.5116902150118102	0.5052687986049916	0.5483039933916705

0.3789968840510086	0.34067483839745394	0.39131317881152594	0.492765756476796	0.41569907212762736	0.4223577736225994	0.31629124265657804	0.3783449528068479	0.4124985116391595	0.40351448064754303	0.3090373008191983	0.38055443101951203	0.428820553980374

0.4836744573161976	0.4565560227416325	0.5432849021556083	0.5876413491393597	0.5722922881803294	0.5997434725233817	0.4230986624248407	0.46720309286515493	0.4776958731792985	0.5731925323512921	0.4749937499850619	0.4676818994175283	0.5470754246078291

0.5393639041602026	0.46956730294875365	0.6009277968506925	0.562323004806745	0.6326594172050664	0.5794791252861412	0.4420067866350612	0.49066952184959856	0.4740296052210212	0.5935496583285451	0.5673692641136308	0.5042674779712739	0.5808507217980259

0.514110010907198	0.4983172633387105	0.5489651062218719	0.5544626637980217	0.60243490828868	0.5575788585200039	0.422976562253364	0.44614280544012674	0.41406117058226355	0.5571006376822336	0.5011899704148239	0.4540681699943704	0.5144263364356112

0.45616053604163015	0.4537095274030759	0.4335562262063088	0.5598014823799405	0.524793575253804	0.4422446412680915	0.4065287145640503	0.4643320664798207	0.36782069388352157	0.4823692424065018	0.41771267559834324	0.4813677571963486	0.5284502887492935

0.42092039576640095	0.43603593478871283	0.47575426674081284	0.5057307164370096	0.508817749655226	0.4311721208133758	0.5775132612525747	0.39971762224185786	0.3382398301156702	0.4776362867736633	0.449393213486886	0.36442284658092516	0.4847380166998236

0.31333167935902817	0.2782445073524283	0.3242631074118776	0.43720744209966655	0.42722484793930604	0.40588740543035845	0.26725770414116884	0.35796754193605784	0.40774396992533857	0.41475615038236685	0.34054737911172683	0.36219112590529934	0.45630766686904234

0.4835494214533861	0.46222962820732283	0.4228504347468119	0.5583217998165887	0.5463509356883247	0.45133730501129843	0.41286054780768966	0.46733783156337677	0.38153651144651934	0.5114687065790859	0.4240914361907322	0.48359657594732486	0.5534245041635953

0.39804312223389215	0.35077390608511194	0.37861773509789	0.44012735996820684	0.4596587392360445	0.4303405189638388	0.3119089659165093	0.3611655390878127	0.34724255283393046	0.42402409850475165	0.34470832495635323	0.38353584290822884	0.40703535678510416

0.3982815071396407	0.3762730832548825	0.48701955991536583	0.5158333337073907	0.48615557539731424	0.3650711044583439	0.3503620410545284	0.4218743055869173	0.318054408469555	0.4520904950613799	0.37762853423161635	0.388456186531732	0.4881992023959941

0.2707914107764319	0.2726734563523725	0.411219674500759	0.42467738328393745	0.3732453913752698	0.3410257199756875	0.2637434904391549	0.4258858861517605	0.33848448708465567	0.417798768627649	0.31248669601466295	0.35398835478194135	0.5320977755396945

0.5064737246811752	0.5019311615185449	0.5824407338525128	0.5966848680821425	0.5686548535482485	0.5898173952331768	0.4338754842550795	0.4972756669192957	0.45781771601006555	0.581898245710734	0.5453526343695411	0.5230332746465376	0.5826355848442165

0.44926749991780673	0.41665124457506325	0.45893423377269693	0.5183126562254562	0.48222818096058584	0.46826828184571545	0.32816114317002043	0.41824562258440473	0.426818796914314	0.4852676300686478	0.5341079268737479	0.43159166740292904	0.5262504942709569

0.3179870604177664	0.32494317181422927	0.3988652934473481	0.4592687213962039	0.39687179810888773	0.33407654336801224	0.2847700303294106	0.36660967908837566	0.3281318662511566	0.40424330168258377	0.29351013161000483	0.3873154446449989	0.4364284680931649

0.4737860268510581	0.4369865101803416	0.5632253488092178	0.5716241860232072	0.5801415845305979	0.5644011581073844	0.43026454876070785	0.49473545929638085	0.4816283360576429	0.6065564939898827	0.46655997721024556	0.5536087144877082	0.5638464733370245

0.49807007850431484	0.48327331373657845	0.4851509983407748	0.5587464469971473	0.5782861584342529	0.4741890051318847	0.4026204839037371	0.4696096722026006	0.43580486478835184	0.5590441046553678	0.4466495673979268	0.5517446377349422	0.5722538597742259

0.4596136891452154	0.3926220561672502	0.4784351674499182	0.5158695249195235	0.5045743512313104	0.4414192879279625	0.37136499947541046	0.41389380236982043	0.4824046148297424	0.4550750955423256	0.3674673007089018	0.42610425132418134	0.46086734473732105

0.353817527368913	0.3314379928750144	0.39890451764753987	0.47632229100469486	0.4227143993567676	0.3804840959749509	0.31243704773963066	0.37731620791716036	0.35190347138188743	0.39901273733371945	0.3041621102162411	0.3903791159098043	0.42953705204564674

0.3955905820567129	0.3778756345769571	0.42347063956955766	0.5408901565582012	0.5296318813406329	0.46390670070820755	0.3758019266589674	0.43188746585016824	0.41334369587286746	0.4757424450875436	0.437428239104249	0.4355510356703325	0.4876171399643535

0.3152445839573691	0.31765394056265317	0.35560057491120123	0.4133106845522815	0.4133545846190602	0.38965873899148257	0.2696641824621565	0.32338660521758567	0.3224081411277029	0.3864855825977072	0.33529510811144886	0.2938372032085249	0.35067703609744016

0.31100756107870975	0.3363348101088415	0.3716817275337042	0.500864641616469	0.405414083115699	0.3792797116263634	0.31103023086588677	0.4443020636046182	0.351264280549764	0.43217828664423275	0.3360432484408435	0.37938180966918783	0.48823432495913344

0.3836730178077238	0.4141475321421384	0.3538685791933989	0.4645775026050989	0.43043973333335894	0.3451635227204534	0.3043665372687555	0.3552915934896278	0.31844442107548854	0.3917356204599704	0.33789008914984614	0.42893113194073373	0.4448787569279986

0.46797079804109865	0.5710124706918542	0.4572353589175945	0.5448762898038924	0.5770626741423949	0.48722760587333425	0.4068026795356732	0.41914426344298716	0.5148297950890193	0.5016334659283815	0.42901133229958166	0.45222933986948355	0.5230506030342916

0.3626837589562941	0.33856774399417416	0.32495643338824065	0.45977316224624143	0.4577045400301514	0.40634991924143454	0.3357554420241452	0.41497093512298766	0.3424824089437435	0.4701580432468241	0.32325019765770846	0.36514755673077304	0.41272614064937374

0.3579348843192991	0.35303234052867305	0.449607522445848	0.5013726928339062	0.4669561210990888	0.4690252728783481	0.3753460226885417	0.3759748702026201	0.42368501602501385	0.449053034810159	0.4586894040663596	0.32845899462203004	0.46333840577256835

0.5063789137853278	0.3850806288285643	0.4448355916591729	0.47953406144975785	0.542628073262453	0.5786918809229021	0.3497398407720902	0.37812515808256775	0.4087624648902376	0.5716486083850543	0.4654172941362321	0.34121231451526135	0.47786095155981156

0.5246796329097859	0.5951281332585243	0.4970033004467671	0.6071778024157353	0.579410743091636	0.5116711154369601	0.4568534485461617	0.536803995683468	0.4639220674762884	0.5501297193296235	0.4888318185699616	0.5438451608843717	0.6547850642356585

0.37436908333229146	0.35759559537604513	0.4884088982978159	0.5034496814344643	0.44221841040598153	0.4419893412952991	0.29428315146329664	0.3715273167900602	0.413441656235164	0.4647785497399169	0.39184845650390376	0.43986423812234865	0.5131225194359457

0.3915507542549798	0.3857934791025849	0.42839775515635503	0.5087203419544825	0.454562307890369	0.4089860154564405	0.3410500946775884	0.45902358780016295	0.3589855907948798	0.4543019338814338	0.37323520947544675	0.45037616325837726	0.5343444384009439

0.36715174176906806	0.3373585783177592	0.40292118991867476	0.4790419067609006	0.427987328932402	0.3680767481158215	0.34238960232740157	0.4283657144067772	0.2918994936965238	0.3904383210406748	0.31641903783912284	0.406351136033595	0.43349550379065216

0.359811681329477	0.3399096164922172	0.3992146334790474	0.5282569928981963	0.4288736518623595	0.44559823665417536	0.3700044530862988	0.427885234403798	0.3948328255989541	0.4915733399517116	0.36910547434956636	0.37948289086915515	0.4982784946922711

0.39919438468965623	0.44272233996722765	0.47454166797202957	0.5230525653588621	0.49002109063180876	0.5575037827947434	0.3646429998746622	0.38307895796655245	0.4654507620673327	0.4978069323621082	0.4473542667136847	0.3554950190038612	0.4684711907867465

0.4180699204263196	0.4307182583008816	0.45485630069425587	0.5315707510432844	0.531118249290124	0.4912186379350453	0.37757830264762604	0.3180683661856319	0.3865142450892771	0.5569474970515875	0.4801778130381188	0.4240766010549093	0.48117084854413816

0.24118196653156046	0.2444314969492109	0.32640564095413394	0.4426743617935738	0.30708552441457054	0.3544616785872706	0.235261285700404	0.465473761074085	0.22832303325877729	0.4635996284912586	0.37081355874599364	0.3734212781041878	0.47706646939760683

0.4683928399406372	0.4469204663265244	0.538362516941836	0.618535513100412	0.577646168032766	0.617974918120955	0.42938483391952353	0.46282742260477133	0.5450492191892081	0.6135268966444067	0.49267869748235366	0.4233912426895602	0.598312639879029

0.36825933670284416	0.3634962209141995	0.39905102013332483	0.5429567310020761	0.450169800163365	0.43197799516941615	0.4045740983423437	0.30658197822324806	0.3053871210807214	0.4464031384519154	0.3548799815197833	0.433167380596592	0.4342958141502121

0.3748205094961075	0.3438759648572911	0.4217967150824645	0.4863296953043808	0.4291685201115615	0.45462543256143084	0.3215028074286465	0.4576055639451283	0.41924513930947915	0.4487554233101364	0.3709540861292705	0.3803045813091983	0.5580412477544129

0.3817321607345149	0.3424459712168887	0.46235682414351087	0.4988898733254348	0.4838843835315574	0.5532975812574522	0.36555058790971423	0.40295745662131444	0.46868495838903335	0.45672289790057485	0.40858887967751906	0.3431275707507473	0.5158003182836695

0.450965960608588	0.47503222750501806	0.4542736375130614	0.6037434725729651	0.5116296381129791	0.4549092905597913	0.40530670278121467	0.4471259973340216	0.4322015275507626	0.4803588399774734	0.3971982348765052	0.4704020128940285	0.5520155103394708

0.46126859827870326	0.3877698093651136	0.40922390916591456	0.5739434086333549	0.5033723864595829	0.4875278820589396	0.39853521536904624	0.41852355357248666	0.4393825886885193	0.4462743402359637	0.370164837885155	0.447147973362351	0.4966746094358565

0.48707479727119524	0.488729883246345	0.5222301013808412	0.6064411380849328	0.6179120093624222	0.5428111665293278	0.43734223551275997	0.5003608955783946	0.492382482809831	0.6335637191058976	0.4796072736059671	0.4751911156569031	0.5970083006136591

0.46444636600986244	0.43618935330838593	0.49351727148047897	0.6174723588589606	0.5623307140374363	0.5587187704508332	0.43247731727227756	0.49679388662001267	0.45964485959457113	0.5786194754496141	0.4980410784052647	0.5238697532560888	0.6202922505276725

0.48916226533381235	0.4548840056106851	0.5256240076279727	0.606416089690216	0.5739718842620428	0.5384725694101181	0.4544062718872116	0.4661615417339182	0.5886636235227495	0.5502968107180554	0.4741983825494973	0.47979756185837624	0.5551032135548583

0.3901691511907913	0.38785529313548506	0.4324235595491536	0.6067767840154323	0.5218462195538036	0.4641782204594602	0.4588944531737421	0.4784862887425485	0.4500954991991138	0.5112825082904662	0.4002499190403086	0.3773770218016189	0.5088505080346378

0.4251535202462273	0.4015931266101481	0.4523112571862492	0.5386843446203142	0.48951037518447926	0.4672630591530301	0.368834262662579	0.42726606582482685	0.4528689271082319	0.4725510096416973	0.40779183455461987	0.4602191905530446	0.49108745892895955

0.42305234254291896	0.43007028836443484	0.42248673215505206	0.5388333626417794	0.510272923159503	0.40250446028023623	0.39948324249670464	0.49645480284877397	0.4070373889558164	0.5772095910779029	0.4079312889568196	0.4620650452699375	0.525168386018567

0.3760213062800746	0.3280226382478607	0.41561368856123126	0.5216972773494621	0.43508996109326525	0.4663334830987457	0.28120965171121903	0.41015767645647316	0.3685012214005329	0.46588571346160335	0.48424060906198974	0.3839848838867126	0.5201217939060132

0.49682128642376777	0.42470243546279174	0.5163576176312412	0.6100383476173599	0.5468654211247161	0.53248628147807	0.4254403202344539	0.4723083738104777	0.42706813822442324	0.5746752440947449	0.4911303127038038	0.4933406716740242	0.5306616693654865

0.32274783879451785	0.29246580380591924	0.34956443679675553	0.4475422863971068	0.3809394471621188	0.406753497437917	0.31250705693822795	0.37568285473381646	0.36667877879698907	0.3708569295139703	0.33138098985376874	0.28869808823690135	0.41787859138590444

0.4229454907780964	0.3989109195746422	0.4760479485067006	0.4947547796212691	0.5200965142934276	0.4843287620232226	0.3474247528171519	0.45932084219066693	0.46087610563700365	0.528988853805622	0.44127661908534266	0.4677669913186716	0.5274099039473326

0.38040302637886547	0.3558206008207735	0.44474927883269005	0.47289607013666884	0.5272967073921938	0.47964482961452004	0.3221842670760144	0.43607613097888576	0.4173384402608339	0.5055634936391642	0.42266827489239134	0.38840524175331664	0.4789925062779168

0.48709316033801137	0.45357559272732534	0.5404979284492377	0.5921256068834844	0.5846096042616598	0.6177596256176696	0.4409593056196107	0.4857299044767342	0.5566561381110611	0.6305357083354066	0.4985438860862059	0.5209756056914487	0.5733346407671556

0.44043261222211805	0.40119507589487763	0.5050255382381518	0.5744154853693879	0.5252001484268114	0.49452938616424275	0.395204676302604	0.4783938255524225	0.408517170111927	0.528552458699094	0.4454048834739029	0.46488235936455746	0.5021561801670857

0.40215862161515137	0.42055386867096256	0.4330411523223635	0.5156569456015275	0.5044560242639042	0.5221105350967559	0.36494393492248156	0.4356236351102389	0.41960837292322034	0.5463644887944201	0.41884304843973885	0.3672876110932852	0.4828558034519861

0.5072713426453136	0.4354092981654207	0.3926252162589282	0.534493266253312	0.5203343805470124	0.38952999691212953	0.42277739617673826	0.40596182603066955	0.3686487073627145	0.49495339928905774	0.42941454612480284	0.4203014553627393	0.48523802386359594

0.39779747073255645	0.36089402312707575	0.39687487983618425	0.4954601616432178	0.46276852548558406	0.43065280910463394	0.3451687632318271	0.32661226135547805	0.34066251334895453	0.3944293752333746	0.33648705387386296	0.3453077417284691	0.34988122369133046

0.4053070764593303	0.336305257470233	0.46419930622651584	0.47472740960382587	0.4603223719159323	0.48292478840351705	0.2858772603582582	0.3515492952030732	0.3632854614588945	0.4320231514844349	0.3458428354886327	0.40743192378342796	0.41310883336077026

0.4534424392475118	0.40912989822453383	0.4409558164889318	0.5796028722962028	0.5063658474774886	0.45230299352573244	0.4091448659285818	0.47194914569645796	0.46204555031027117	0.49919170517458294	0.39333032080586183	0.467917677808783	0.5438680156052049

0.3401108001498237	0.31312495357015946	0.4051824131721677	0.42871267378310424	0.4035194656430711	0.49751172546672107	0.2812415405247878	0.3396072744734886	0.3143856496913209	0.41216734979575076	0.3411510455726703	0.3819161997812447	0.4206898765900883

0.3790956066814767	0.359045599652552	0.4810445205803645	0.5232695140514558	0.46245532437133385	0.5166830534742796	0.36017238098111093	0.42712547275794754	0.428535610388436	0.5263283314630279	0.4169688610189518	0.3988997146464457	0.49257248403005127

0.5021669413107079	0.4781310402710848	0.5174053222592148	0.5593504013449667	0.622057184654841	0.6180161423154614	0.4480009208422618	0.43659270558161434	0.5047592580990299	0.5493400472099067	0.4514046920159966	0.5324980549316028	0.5348091197352063

0.4391271027615913	0.4822417844242223	0.4909772820921129	0.5720821915954314	0.5765695275364173	0.6735827705851762	0.4020673858347288	0.5071590982341317	0.47801389681752393	0.7044415948791096	0.4805739477922556	0.46648788529582075	0.5578948034316404

0.4594789028573545	0.46019791360055984	0.6030783942315961	0.5338083787466867	0.5744612897192432	0.5953405434666436	0.40442269538345776	0.4921927945132022	0.5167016700589061	0.6346554283202168	0.5243960841946709	0.4751531636194903	0.5945982905492502

0.49179798621403004	0.5128348370943887	0.5660200943025282	0.611848222126467	0.596573319937056	0.5553739921830005	0.4019230458410151	0.526796989475853	0.4621500454027284	0.589043813575723	0.48802718836621733	0.5321242352160174	0.5719950962844831

0.49408810861335356	0.49711478934180975	0.5457377963065155	0.6502009145374528	0.6007092517470292	0.5970719381835239	0.433217545468494	0.471865677168255	0.4926297342281406	0.5522125067200966	0.4988372873236172	0.5376816186605028	0.6135526977239625

0.4915237476477513	0.47715008884801213	0.6073962712292555	0.7082109580849899	0.5814931251920405	0.5260170534218734	0.42692747316978447	0.5026126410223919	0.47721789952125154	0.5768042194424745	0.4756876698508373	0.49462065955384077	0.5761270523393471

0.438313962078253	0.41028392855760576	0.46032916798138934	0.5447704799907567	0.5150221635282093	0.45448992229807106	0.39996686218202326	0.47263172087954697	0.5413797634507922	0.49754945142347706	0.3739807458929899	0.4852802198124482	0.5846393074545193

0.47704105927103685	0.4555948685639789	0.5089507655865855	0.6012697311216724	0.5693482414370394	0.5616973529577637	0.3919293641149962	0.46875670031439043	0.48125835795789784	0.5617003172903328	0.47980267915021424	0.5181946890907003	0.5858461775106611

0.4285551156334599	0.4650523040403417	0.4789567376177004	0.5350516141734835	0.5284769057769446	0.5444070212112347	0.40536701118352614	0.3584140380940918	0.4517322190389088	0.41550670102346604	0.33273510689871066	0.3459561314741683	0.49939028400581714

0.405681730628901	0.43398679904940596	0.4813314051562393	0.6141887971988411	0.5614816540798904	0.5333941211360822	0.4078471236147541	0.4798968296307473	0.435208413422212	0.515821644052253	0.3996905856456129	0.45965610076475527	0.5296170883605392

0.48010128544212705	0.4514632662727133	0.5637499263998049	0.7577155851763766	0.5569499852378477	0.5666057943243756	0.3928800556140145	0.500204303012904	0.4873828632983874	0.5735158321938861	0.46847354586456247	0.5094623264321398	0.5677690526135142

0.4206970722874196	0.4225453728754165	0.5031994320567483	0.5674621093867807	0.5573796514073257	0.4941021341175218	0.42974640621901194	0.43954703237747295	0.503665097134294	0.5229050836545408	0.42957348287448677	0.4076932051298916	0.48801664335740225

0.5037608933014233	0.4747289531305922	0.5315776095094267	0.6810181007680691	0.6013907862183656	0.7012845230428512	0.46843564983787456	0.4956199075499568	0.5495254307455333	0.605833132984417	0.4922747049631778	0.4829523735254486	0.6499058024169495

0.40552000714409053	0.3874333787722999	0.43544596577011985	0.5043655057904339	0.46546636736565783	0.44553508979847933	0.3582507062831422	0.3764337685728917	0.38578336235237176	0.43257111131073067	0.36643006752216734	0.4466091199001705	0.47240532354598985

0.4458684074613562	0.46484012059362245	0.5085193594183137	0.6029802353601335	0.554243579555214	0.5710258080623338	0.4181024009397234	0.47361375273361483	0.48560351432033555	0.5345471339029617	0.44270223774135586	0.44309309676861663	0.5459934971705207

0.4766186242341177	0.44907221406109754	0.4635206423517332	0.6371881521732212	0.5772427791171515	0.5383519092864348	0.4899197582163776	0.4915817723703288	0.4145914066864194	0.5364299416321523	0.45539686453181305	0.5162246224615143	0.5822953737999557

0.4934974912611513	0.45425919300211154	0.5606372348137376	0.5941998099122697	0.6278665027145081	0.6468804146548803	0.46072410022115917	0.5248880202436788	0.5187423695046751	0.6219496536602864	0.5054868687038914	0.5473402004562387	0.5888478174686025

0.4229934867757348	0.335444904383445	0.4753162680391285	0.5186773530655275	0.4983960787594077	0.5286270440588668	0.3575898531091728	0.37057299967917895	0.3907259017542289	0.4976599625966619	0.3602739061223404	0.47662030438494274	0.5107011252003912

0.38492808837204373	0.38746569801570274	0.4697940762519136	0.5362351481862613	0.469037589910354	0.43242813666553936	0.36640205589969266	0.4586711031584124	0.36066685239658647	0.510427044095292	0.40856082023928914	0.48854561451429934	0.5483450887246597

0.3818285749457354	0.3482775346054394	0.4621988310973517	0.48967768241825343	0.4668440613765317	0.5876237905506079	0.3226833582759635	0.40655834045040323	0.43414019826441347	0.5809009045631459	0.38839707649841076	0.3425037111218417	0.46810563941920075

0.3365058888863377	0.36638110700305254	0.45274079170610043	0.4790226665239886	0.4321145110837454	0.4891690424004347	0.30435165866938035	0.42453806971843755	0.3734233278081081	0.486218007234108	0.3916115981664876	0.37791940403464847	0.4599748245187669

0.37315398950879874	0.4005456003772041	0.5163738708837878	0.4532323498800673	0.4801194136780688	0.5010729994146343	0.33244152680329137	0.40328413656183937	0.460506267413347	0.5088024842608275	0.4479779086133925	0.3530972932012696	0.47052157654170024

0.3655311560970219	0.3763476770761524	0.48647123284425464	0.4613639517835364	0.46000639510042685	0.5231942236308799	0.3562147234468638	0.3891425760546704	0.3417714390856632	0.4859021554719102	0.4242677198232869	0.3793114125117285	0.4584016194602033

0.43005981047940184	0.4055168430096808	0.4356889839434719	0.5504720194521207	0.4856574507352521	0.43421554735902246	0.38847869305572824	0.46388357465435903	0.4154618585765444	0.5136158225790839	0.4031395457786544	0.4737188682071269	0.5398719201572814

0.4350428205331441	0.4445251678252528	0.5257801868301946	0.6192355571233285	0.5451438639066946	0.4668082304314195	0.4312305291506923	0.478113608012081	0.37730669480283313	0.5133515597458743	0.4278169505692976	0.4630923070942952	0.6195298262533122

0.4829663471647101	0.43317502527153473	0.46493142990743336	0.527437636129167	0.5282509317243277	0.4823125367071994	0.39237313801442497	0.4051487245264789	0.4161206723631405	0.480483006725409	0.4248455467222615	0.44372519702137264	0.4901540304086506

0.4878315904739191	0.4457728571106062	0.5313652701637965	0.6245889380222587	0.5718160992917359	0.7155587941716999	0.41204578914376444	0.5065994470710571	0.5021150967590083	0.6834431705667726	0.47536269267736264	0.5022988179506265	0.6200989961708862

0.4529474368544112	0.4284469720425965	0.46610148865523604	0.552706086969056	0.5891726129917129	0.46006067808747997	0.4426692209667985	0.46874976288094117	0.40539987377007713	0.5499191107759118	0.4132107090828703	0.47434213777839784	0.4916012989849558

0.33855076806705553	0.30004942703476173	0.33903959611550405	0.41261950296953076	0.3716162569167739	0.3231371892638182	0.26386679719838163	0.35161785750751623	0.2737101543371727	0.38924602478114184	0.3005016967439619	0.4553171798371056	0.4221602592540178

0.5030415391529692	0.45027378490697745	0.6060060487178806	0.561466699499247	0.556345699814786	0.5359806746271101	0.3943333371191242	0.46782410431405175	0.4904660910814106	0.5612988925340545	0.4747226121026423	0.5156677730205904	0.5601115089714696

0.3677538486069575	0.35027340367271365	0.38004095362024987	0.40502743115854983	0.4301592209400223	0.5073152071235727	0.2956043503551178	0.33468595865804285	0.3165635428372213	0.44226416342322705	0.3501303056796428	0.3783587827348907	0.40220833213797336

0.4369530065891477	0.44333990033301485	0.47515604634498626	0.4923136626886101	0.5509406362579129	0.47387736052715235	0.35321472615275307	0.3848748512283662	0.3410944434842909	0.4692743037767542	0.39321884990272404	0.40775337549188395	0.4559234265178851

0.3167883344109328	0.3570738801635032	0.41589965887206204	0.3698736526556744	0.4136453606072811	0.4080176027487348	0.27724717063668236	0.31180695524183444	0.3116804549687303	0.39343670802688036	0.41842509029430547	0.26947390953086614	0.3698564193935916

0.4065790728552747	0.3720558403294092	0.4279776275365126	0.5138523988872571	0.4602169225126459	0.4422915539321344	0.36584083809528806	0.4368354342650965	0.33923794155649206	0.490156919817408	0.37041422888765196	0.5164222149180927	0.49666231545836653

0.5000105400359813	0.45329404405815865	0.48202875082238905	0.5397178453207807	0.5451241570278537	0.5082439504157508	0.40284677859195667	0.45998002264323506	0.4321002344394586	0.5648045618388385	0.4715589269752896	0.5028597059698602	0.5242411941349334

0.3984726106968293	0.3636686110435851	0.513399132209808	0.5035310298664043	0.48478980936922894	0.509256582555065	0.32970458354164	0.43069655328852896	0.3833743481927063	0.5099297700077527	0.41163667342495047	0.45510555981889234	0.4810445809607736

0.5230716974610108	0.4556611652689529	0.5299588901512684	0.56413329158741	0.5584491091832706	0.504277282681648	0.4038695927473725	0.4485571070217661	0.46630209272576995	0.5631896367997231	0.4610430449398027	0.5125320321052121	0.5666211231566434

0.5217430091655606	0.48253600867010216	0.5852375693293917	0.6228479561680511	0.583551086176433	0.5598559801822851	0.4231175870288636	0.4559479389563005	0.4923076187730565	0.5849835541482291	0.4675083574980259	0.5052858049454343	0.6380730671204011

0.4946251859546243	0.4921608527346644	0.5290337647938996	0.6433269432630069	0.6003258505925149	0.45470412598320087	0.461875912304388	0.5333183165939277	0.47502712697799676	0.558870607295929	0.45261388685713266	0.49930891504875574	0.5309901767775989

0.4551425411707334	0.4343825211794382	0.34132083036886124	0.5250020519588675	0.5223383634510176	0.3801326669842211	0.4128377579690883	0.47326435891163304	0.35637138834714094	0.4941362685156479	0.4072887758481017	0.4916640594111403	0.4523038835135708

0.5209890176160052	0.45499801862389555	0.5036740247142188	0.6275275613781374	0.5837877899076246	0.6003732499140935	0.44472675288459473	0.461266861543547	0.4837539124112325	0.55988012094853	0.4596199486505309	0.5033736328819577	0.559481298097146

0.3718275959177114	0.3404958745306803	0.4288394879752521	0.49405109595885444	0.4326964989226284	0.36109684715861795	0.3397742360387387	0.4303776828081031	0.3414923421278387	0.40910806081200657	0.32797379802752474	0.4248126379016882	0.4513755617689346

0.42962260708945776	0.3965796404649131	0.5024984140584606	0.5356008064049651	0.5280429916681963	0.5242480468155427	0.34962752486879667	0.4110518809663154	0.4382588489506452	0.5024575959527162	0.43735562812272333	0.49621659282199704	0.5136575612036856

0.49087969389347685	0.4350990672413349	0.5104899223485723	0.5592485679859437	0.5486770342111336	0.5679572753163967	0.4086974426698905	0.4998926617792867	0.46276749853350463	0.6391374043702225	0.463326461880473	0.4954867235296122	0.5547970487878684

0.4874791279170315	0.4628767569933515	0.5492135301612038	0.5305586453702588	0.5465764301611544	0.6619059731494283	0.3941293304290578	0.44444515831545395	0.5207057285750349	0.6027562636364128	0.4970307187122963	0.5123822937363424	0.5809575922764199

0.5038793391557996	0.43422536445047843	0.5086015719692608	0.49586195172551983	0.5619182719110964	0.5425148436657092	0.39198112540809443	0.42932613381395074	0.47373137648915536	0.584146607616941	0.4655368724424467	0.40308761036709295	0.4802830474297489

0.40783624706790944	0.4026725807308591	0.5119904015707103	0.5556232899793142	0.5217129960465574	0.5050364708023662	0.3754915223936919	0.4275931387473799	0.4688876522749936	0.5321941056129704	0.439799052862105	0.3978749020264585	0.5130472952986534

0.4779087431552752	0.4114341665391891	0.5293945194703601	0.4861239484786144	0.5352585033294593	0.6244667063692764	0.3916338706985921	0.3707049440383164	0.452654347684604	0.6063375097784853	0.4339075468679972	0.44132397721619443	0.44495113605704706

0.5296922306544001	0.46231863624189984	0.5651858688954037	0.5891887195984209	0.6201904655368136	0.609622435622384	0.44927375673463044	0.5691377251873566	0.4503557429238266	0.602837281190134	0.4907639872733548	0.46475405214033244	0.5387172053124049

0.3857027533677685	0.33252641672182914	0.39972039052094704	0.43547868429073344	0.46477142050758	0.5419296546924494	0.31070361580023487	0.367302657137876	0.3894923104303103	0.5147910263995724	0.3727164511817437	0.29727160939948283	0.39257687449422324

0.5148473360094343	0.4965339477409243	0.5663912563238598	0.5894240473417508	0.5967489709542093	0.573645020412053	0.4148765748209611	0.5108261540787994	0.5301728253419413	0.5641028201707683	0.5322710156461758	0.5214576913067933	0.5966191479639015

0.5318044208243644	0.49434326759191305	0.5732064027716027	0.5359507154034417	0.5974213295808979	0.6618611019269389	0.4677986952430728	0.4151380356537515	0.5782142295353185	0.5977351623080527	0.5575242375172992	0.32349575754730486	0.4946009435862579

0.47877051386251956	0.43684883354152954	0.6020302937919098	0.5605811319014244	0.5523171641970017	0.6334134124940594	0.405626100619613	0.45244357346399144	0.44564454134893794	0.5658325250351757	0.574409568370984	0.42228361393848857	0.5781736002063894

0.46172971229753	0.4832731290003863	0.5765042556648522	0.5613727514309155	0.5915229190320008	0.5582389806544075	0.42964984589745375	0.4458277697542137	0.4922990307820988	0.560861482921206	0.5004198815681784	0.4261022118533772	0.5361959843893424

0.5499209911220678	0.443659086391613	0.49379003462438953	0.5749568364578999	0.5803660904979007	0.5825456879274533	0.438062732602379	0.5115780199025572	0.4531109484278652	0.6042230345551551	0.49716960697978496	0.5462326158081288	0.6162005815152252

0.533993199589692	0.4705879835249984	0.5831141039608527	0.564042227761602	0.5861977867652555	0.5412076703576482	0.41409179459285705	0.4589836482108313	0.49269101737644416	0.5928067954512259	0.48765825282183467	0.49491987457504716	0.6072075118565778

0.40024048753926544	0.3516703814341505	0.43032241551006045	0.5570830451016426	0.5051146978692744	0.528401386059868	0.31032237802094664	0.4143806178396339	0.35937329670062934	0.5209462100806208	0.37711533210770043	0.40672771884583464	0.4689991841522483

0.42625878207644874	0.43041620965481675	0.5262323561194562	0.47472005877164514	0.5013275583737808	0.5158327989731802	0.36954788112318293	0.3831577756587734	0.4458080800619687	0.5327773944854053	0.5061762646638932	0.3490326664872606	0.49599243201424925

0.4863509872281956	0.41742383558344875	0.44072056698272155	0.5886085483740273	0.4999666339684011	0.4675959453134996	0.40667831670942634	0.5244344995994149	0.4081832339638476	0.5044335052920046	0.4255112491267681	0.5230683233432982	0.6002736637902674

0.37475725383770453	0.3374952322957091	0.42690868845562174	0.4641946522046273	0.46289809423576295	0.5702319833333027	0.33328441379307516	0.3909931963654073	0.4307434612684738	0.5314987896206937	0.4060222859924606	0.32079062781593554	0.4629684744241473

0.3869034471624014	0.4207662108125263	0.4864540245317941	0.5227848510727262	0.4878174241041606	0.463952300657554	0.3786209546979012	0.4251970080165459	0.3562622107227936	0.4856873195926521	0.4020530449137528	0.4676760198929272	0.525134684402027

0.35575516212697456	0.34748737705006155	0.3962355636344575	0.4394669414777278	0.443606330398552	0.4404152455233743	0.31206854927954897	0.3847066436846503	0.41129455761412653	0.43589643699918135	0.38428733917683205	0.31303314386239045	0.4103869095486108

0.3285155333701919	0.3426642713952752	0.34543828473355526	0.49387937702710394	0.4475836458114111	0.34080729796984843	0.36353840217816835	0.398759627876614	0.35446027489933174	0.46326114660674567	0.3078780230708486	0.3267705033697694	0.43767527737480355

0.5375389193627076	0.4133665488679057	0.491947857220395	0.5835186513315387	0.5677263566129742	0.5812007811172901	0.46562303095987573	0.4807145052359975	0.45773795606429796	0.5324090444261577	0.46856371579138867	0.5014907669081968	0.544696514487776

0.43286273169302214	0.3538079515596277	0.33576796895109023	0.46616742649171583	0.44969844146971594	0.39346747381412583	0.31201141843972685	0.3807528391473576	0.466579159308128	0.41288626871041123	0.3482299650130396	0.36001825093402	0.40939144503010083

0.42478729389333836	0.3628433255088471	0.5234815165737433	0.5177352651423014	0.48665645772065613	0.5500938617894257	0.35741603733002436	0.39261611890502024	0.45901394311531485	0.45856446805890444	0.4451999882688337	0.3547017549655683	0.5387524633400493

0.44781568818833434	0.40286902212827	0.5337851267376421	0.5012890909421746	0.5395161163310378	0.6278279254303998	0.3821045729297756	0.42533407185178146	0.452284298808293	0.5378994136720852	0.42754916780205143	0.3804389531610286	0.48939842798989036

0.4525684703476013	0.3478658748649245	0.4638576385548473	0.42276901943208944	0.45777523562313494	0.5408395405809182	0.3299791783362279	0.47369611389246846	0.5569165199246331	0.49230646347203394	0.4293401728958889	0.3333847519572433	0.4445645593733028

0.4137204070338949	0.36299733340605456	0.36732414677118247	0.47898237405443855	0.48957716590764533	0.44932829075631087	0.37032930322250224	0.36855184499117155	0.3994328616473191	0.4802967378873422	0.3820542311233981	0.36289524629717956	0.41268399397400524

0.4338079466050254	0.3824003374888466	0.49270765551091406	0.5283641739910574	0.498927102587324	0.48726678072263374	0.3900979530700046	0.45421281116157464	0.39880364412805797	0.5011351485199295	0.3783586227307838	0.4454028128718011	0.534520851682539

0.5346873060350587	0.44080857654483185	0.5544320382477882	0.6054369401630415	0.5697093172885536	0.5934641579585765	0.4300123020121702	0.5061596122066694	0.4938355229239534	0.5818164029889376	0.47286284510197885	0.4750462843020825	0.6482423247093907

0.4685828370170136	0.48908685493060255	0.5102625768825605	0.7202423417693271	0.6016386229263042	0.534533022117764	0.4658189925942299	0.48182796742702083	0.4145633943466076	0.5648590521474386	0.45732535819977793	0.43787751054483554	0.5791453477391717

0.4445369101999055	0.42800853321170107	0.41726395902954283	0.4883626300934111	0.5274663157866112	0.452798306504675	0.3670459362285635	0.41571843162888955	0.4126047223921967	0.47614222447999976	0.4139613129393793	0.35966116993461883	0.4405522106311953

0.4159923685143227	0.3717536519875687	0.463134369710011	0.5158592420251757	0.4560307692594938	0.46427838199400406	0.3414251502205275	0.3924275994583488	0.35958053577250826	0.44366155127778156	0.3475367571449748	0.39781569513012527	0.4810359060209968

0.5449525191957882	0.44680268693052255	0.5551432316303281	0.5696110033839253	0.5682307568973395	0.6031760516519556	0.3879421252616674	0.43346879269315897	0.5655461216120848	0.5670103325509314	0.5200217085579422	0.41839259344301233	0.5529223575800355

0.26379896234533684	0.2107960763897479	0.34663317384659675	0.29132390624224225	0.3014644511756776	0.3630930394558632	0.17774536386978038	0.23717442280533294	0.2557093678715572	0.2915677344432649	0.2742846223473664	0.2096570874016473	0.344040184032115

0.4234053969724424	0.40181367740321317	0.41959827243948833	0.5929841449928406	0.49241267433664343	0.49061538878634703	0.4329029122274789	0.5101706066309839	0.3950141421922221	0.5213706584025934	0.4163638460683994	0.4930465145170697	0.5460063836218352

0.4509672593479449	0.42298369263579105	0.511718005707763	0.5383424975289476	0.5346964889479663	0.546061643029006	0.403225586238644	0.4615112366788281	0.3734142978279683	0.5616397027358504	0.4662771558357318	0.4897468405611113	0.5375237126577821

0.4899919184261149	0.3983863902578345	0.49977362777394574	0.5917019009033451	0.5519172609993072	0.5604392828191637	0.44818967383472513	0.46157160087092186	0.4257778675659297	0.6071622868758234	0.4553068132962388	0.4836413388709545	0.5154782884293364

0.4843899445065579	0.446972817874304	0.5536462883755912	0.5709800736412022	0.5555235830696276	0.5105594105721916	0.5106061446567217	0.4727738168277831	0.4836426515647507	0.5383903884924626	0.475627669728669	0.4821161483794849	0.5416276642222349

0.48565580421161286	0.44553152598830315	0.3883427879726015	0.459519556077841	0.5330965445558655	0.4397384597540063	0.39714036082695453	0.4299225993022113	0.36255645131885805	0.47556161894253535	0.43743495794890896	0.450851281327889	0.44613688445222877

0.4064490723879922	0.3833561422564052	0.43817489623996186	0.4992198691848264	0.4739931184966866	0.4631917274070717	0.36469820189210284	0.3909956941176418	0.41285402834854884	0.5119887494171268	0.4194882305957995	0.40989650115229376	0.46935968484107515

0.4887374833597342	0.44085565846562247	0.5045337945321509	0.5536846865005542	0.5645091593276971	0.5597324741839222	0.41921010840592665	0.426899759678958	0.6344523943019172	0.5660134266287541	0.4524671315526513	0.4812771805739062	0.5799155403452072

0.3401535227168903	0.29415053154065735	0.3679077163578549	0.43980827947223683	0.4165964424710641	0.47619902459779695	0.26014886429497835	0.3411200306381985	0.3407117648328042	0.4101889343194719	0.33729299004771274	0.372797142439456	0.4331232637979341

0.4620389515768756	0.3925614967963826	0.4689146955085507	0.5611001912804067	0.5019494650357066	0.42072969710717567	0.3868132204787953	0.4223655437223087	0.4017527078142741	0.47296582855625746	0.3710492822330789	0.45902280566498116	0.46604448628985645

0.3068419552591067	0.3187523620085514	0.37183751688494915	0.44812435979573484	0.40177733136253424	0.4120363348250292	0.269668964943526	0.33645437066218126	0.3821369300281161	0.389039095694649	0.34521338287276276	0.2656026084492603	0.3441684670189482

0.3393205457506205	0.3309597594019092	0.35594247718518784	0.44657370623784814	0.43956724461413244	0.35144154323216253	0.30152071002182906	0.42890402180654075	0.2576637229130742	0.40871768225594696	0.3280854489251914	0.46236005599278246	0.4698929513399883

0.45529537120129937	0.4282719262487017	0.46316417357160616	0.5787711142130221	0.5320787767704321	0.461693063400767	0.4675777158044049	0.49224316132171037	0.37943595878336434	0.5366974205445663	0.3753772041087586	0.48064668421681056	0.565386206042376

0.4674380787862684	0.40572199279718474	0.5224532691678787	0.4885970915608825	0.5410714303496715	0.5068977187096138	0.3491419913970847	0.40784153976682125	0.42065086467772334	0.5032683848427074	0.4444060330529086	0.49118362787438147	0.5177512698098304

0.4252404734138737	0.33782887550214413	0.5714619132242401	0.5054072672329447	0.5048664875008586	0.5363203587391534	0.3389429726392	0.45174574796406636	0.4593329804335706	0.4969528898416892	0.4146741668493642	0.36670686803535324	0.47755347929524794

0.4420055315069401	0.4154303225626977	0.6231826048385449	0.6417910914094322	0.5185784276272297	0.5091462258408773	0.4059703237218302	0.5138010317468487	0.4071087780377001	0.557367801136359	0.44672926478655595	0.5163619252489124	0.5644244685296742

0.5433289853407386	0.5232534435637314	0.5952591496985744	0.6618224902933473	0.6595670822247486	0.5544914114650781	0.4937135589691862	0.4932378723952056	0.4817997877238416	0.6194118643518055	0.4867566995504774	0.5431303130730467	0.5421745890033774

0.5330496392764428	0.46820801740041945	0.5413601170978273	0.5906836500470559	0.5819023643370129	0.540617426947819	0.4513317158385993	0.5067961252247439	0.4387895479716038	0.6153994802742264	0.46941412262855037	0.5704609941289049	0.6210610438537223

0.5472745025928248	0.4778311799720421	0.5289580516832679	0.5451182407700046	0.5579010638589315	0.5668475208609995	0.43617834745827777	0.4747370399028288	0.4392475089875895	0.5720081239708926	0.4598485125251735	0.5225614641549843	0.5259666944786483

0.40971754610355066	0.37323540773628283	0.44740230680225546	0.5312641341178855	0.48334190358704016	0.5066181864411596	0.3580647141209674	0.39101878449340666	0.4086504212313238	0.47321267648019694	0.3835365782786334	0.38497606019592656	0.47847977269720765

0.44325704337741706	0.39605526236886246	0.4811840073136606	0.5294895569890659	0.47778992762141387	0.4298179178432211	0.4026995388836845	0.43350392384827147	0.366445604236027	0.4554805523615755	0.35779884037800525	0.4513861681356746	0.4489578721470119

0.0	0.0	0.0	0.0	0.0	0.0	0.0	0.0	0.0	0.0	0.0	0.0	0.0

0.3744069752616574	0.34939170880629183	0.4119041330619604	0.4786485749055124	0.46315847174083974	0.5367744574973484	0.3545772691924476	0.40549335632070777	0.5616621218149354	0.43927989970387904	0.3539299390418062	0.3199094678536959	0.5137514272396662

0.37152266555559915	0.3676768904435931	0.4556429575730325	0.4871347293122448	0.45263322468440403	0.4438395413693397	0.34663619492479414	0.44587349169564344	0.4033455960911228	0.4733114590558163	0.4068493992333927	0.43027550695871586	0.5238717430660793

0.34838224101360304	0.31953744952309604	0.448961904565654	0.46869192386606473	0.43623482968498917	0.463227172850608	0.31575479360121306	0.4092086299489867	0.4775389684084569	0.45083975866480736	0.3790724232973478	0.40488609045860224	0.5002153812814814

0.40191231718702575	0.35805200319729324	0.4535364715817818	0.48836072280318366	0.46327719777629806	0.5040727211373848	0.34641981337886646	0.40255865397968393	0.41255161263354634	0.4662272559877187	0.39522644827374676	0.4049664698680524	0.4881374071663589

0.5097926833063504	0.4446329048839527	0.5449606166611655	0.5397033509166502	0.5614683716304791	0.6294075362354519	0.4438049335932313	0.44558940297658445	0.490886948211754	0.5859856353285802	0.4542287611672047	0.5147560842235529	0.5296236319947976

0.4454185254616011	0.42695900307763685	0.4251697153440628	0.51972850106614	0.508465457814241	0.4612217659304625	0.3687499901342641	0.43799887580587915	0.38296725269280435	0.4883543823284865	0.41085550840310014	0.425239673857733	0.48556975928627266

0.4776145528388285	0.5177162293099781	0.5143986920490429	0.7130929775285726	0.6452657423862884	0.5596820299122988	0.4447260138874407	0.5054038444867629	0.4270556764369128	0.6106919436958693	0.4874014087665961	0.4636242928172237	0.6033432353335513

0.45588280636535683	0.4274370455594626	0.5138402675730529	0.5509682817674081	0.523785309734034	0.5585724566640398	0.37793573474186903	0.4218328606964996	0.42673731742233784	0.5233928687242666	0.4322974244860578	0.4591708026941256	0.5203575071815199

0.46676586852076507	0.44200064815243967	0.458477364428429	0.51743458082414	0.5294704916873743	0.5332998951476027	0.3847836844997723	0.44437744655916	0.415465991171196	0.5516553677992913	0.4553252177959694	0.4567653825035631	0.5057971983982625

0.4239382185301245	0.416835998235783	0.5318609896966957	0.5475416467678208	0.5335387363644084	0.6694142024178309	0.38300300513652463	0.4720011521411913	0.4703236105661916	0.6077072338419696	0.4838985512108603	0.41096302750959457	0.5394099688113168

0.4749343097904585	0.45053532154027576	0.46162838498270664	0.5953212196850847	0.5321350303724386	0.5363065715895551	0.39233127999419876	0.4150979817155078	0.49942520752268776	0.5040962277899422	0.42211902157039355	0.4516918577933575	0.4801693546722204

0.30957901493098733	0.3054229162370674	0.3929267826302984	0.38527060265825974	0.3947244329147297	0.44677603703491536	0.2644935333373009	0.3360616424381649	0.40101675785502383	0.3983345693205739	0.326350157795714	0.2642713717327599	0.39743036993966907

0.4634269617477489	0.4299838874065409	0.5409707715480151	0.6433007996146389	0.6002153939848733	0.5776882493228284	0.41261134180839487	0.5198711299187339	0.5854738003363632	0.5979342406322478	0.4916002913224079	0.5034198530793703	0.6135320469240216

0.44432449628457915	0.4356863953128702	0.5557456054874834	0.5331592378796537	0.5508811967476075	0.5978310323052582	0.41283702993453986	0.49340043082913876	0.4856913167386323	0.5739274396295982	0.4646637717103247	0.395889752307207	0.504780959434036

0.44169593454117206	0.4528717664231352	0.5023922289314624	0.5627303066456615	0.5703145030662004	0.5549761875139285	0.4262254682613083	0.4625263563982982	0.4879081709835382	0.5685758752016565	0.4278543679478538	0.4280469373111482	0.5226744923878286

