0.9604851631307525	0.5615522893276624	0.3562342329452925	0.29005180824884963	0.5339431628335449	0.35951124843614435	0.4339050083236161	0.22780548384457194	0.31706283699368976	0.3799052161112261	0.37003685764582356	0.4569441398006398	0.5089584964267038	0.23451524579292699	0.6717425914237801	0.6008083030450879	0.5418600070256689	0.62417788722628

0.5023585891795668	0.9116492297199116	0.6270283997599497	0.5295093747628355	0.5890379884479167	0.41841397177172224	0.5018954956373831	0.19350811699206605	0.3380389097919788	0.41102631669067513	0.3755824747097189	0.48315162063352285	0.36834682721557677	0.1988085889209657	0.6592801017792982	0.6074129332291542	0.6260112600059928	0.6666687530126869

0.3132450973366826	0.624436185988157	0.9433596449177347	0.6447700227042981	0.4136075893971817	0.46896199808912886	0.5660654468471985	0.23367726753521542	0.4089694819974765	0.46794613775584615	0.393298622732249	0.5525689823911084	0.3930418932786151	0.23837428632340513	0.2658009899911236	0.39362498968758336	0.4981349387860626	0.44862231650950946

0.26828260536133475	0.41479903156267733	0.44843649180669376	0.4859100998762781	0.3261805002882769	0.35395200585082565	0.440906850094808	0.18478822619815924	0.33980413618293304	0.34745067310706745	0.27888248071646765	0.41452291454749035	0.35003187293933213	0.17922987942609006	0.22245099081732028	0.335386517869278	0.38448804175945794	0.33960816572908914

0.26749085824052427	0.37551070815852416	0.39422714409139054	0.4429756653991749	0.37786171485313536	0.3529454461118364	0.4804998328446918	0.190417731831858	0.3543358143849551	0.3504244712614865	0.2702433400240438	0.4232151366639433	0.38916639365440564	0.18236958877713183	0.2414832786750987	0.3171161195225232	0.40035572535634883	0.3266202343591841

0.2726388667378558	0.49375842004388304	0.48806454262375326	0.5184353734386224	0.46402644266589677	0.41880810723840833	0.4490315201406949	0.1900581803324447	0.3102681968001436	0.35297295334654955	0.28343535553060684	0.48669428415084337	0.3193023910686947	0.1774883141489501	0.23723879317873728	0.3600755322847159	0.49839787229091775	0.3642576555578345

0.49616428377529176	0.6687031340789381	0.4880499794319715	0.5070142900429977	0.9389677427404992	0.5451251330440061	0.5120708378262742	0.21755424634667903	0.426821290992975	0.4025322086741298	0.3317359138113753	0.44458247683109875	0.4099356567298925	0.2162795291771125	0.6548744698445016	0.6603452011066868	0.6640661268790946	0.6385345270844417

0.30180750276182033	0.47547903498280286	0.4623028227248024	0.4021425662606383	0.4007627730243341	0.9477136531025974	0.425271691413926	0.22116936440344592	0.46827016430488744	0.43762324996634355	0.3528527594107978	0.41591340709522284	0.3913906379246044	0.23084512529572115	0.2537531742197595	0.7966588220750743	0.4652311025377785	0.4311901354454642

0.3634891795750343	0.5334052624724184	0.5944623961772331	0.5361466752573747	0.4764391668380881	0.4460803117465525	1.0	0.39974271862461	0.4766814327148403	0.4956697860487189	0.31939000332854894	0.586950787958862	0.46834804683067005	0.19123883433584699	0.30278820787140137	0.421363478603931	0.5159652222971031	0.464915368755196

0.19513137468233635	0.20193513711258984	0.2345870954422507	0.1957713459304653	0.20737052915860596	0.23587754919384504	0.3936827669397759	1.0	0.195362988301148	0.34602118832843104	0.21409095047876295	0.29872440313652304	0.2891489967955182	0.105299759203444	0.127652410236972	0.20229711100067171	0.17047537822351805	0.16859620292695948

0.30387565757256807	0.42856195773719385	0.5029633453356339	0.5195925982017352	0.3948743111268357	0.5147958560437969	0.5127758825428601	0.21246395834853687	0.9529186596305552	0.4246531132575143	0.3165004989543183	0.47337811746317715	0.42872679841401395	0.18838842679241552	0.23571430428360057	0.41579714541017665	0.4283868576822776	0.3497148388318546

0.3528363560432337	0.45029761333841395	0.5042652198520511	0.48227428596501065	0.35482946872654686	0.3745761464031429	0.5016179748285625	0.3473591488340785	0.40999844772569444	0.9960617497072384	0.422118234902944	0.5359991077994675	0.4782670501676668	0.24279764737561754	0.23975632879864864	0.42612007152250336	0.402402494013095	0.42567499168937695

0.33999875868486884	0.44603690280524333	0.4837388331948307	0.5244798436763403	0.3720083699545521	0.36745611556506275	0.47129505455015097	0.22293035442768672	0.35870546561618094	0.442644909517669	0.8745085935674265	0.5976429158762037	0.449563548702831	0.3333967512299645	0.2620652941756349	0.30707875357958536	0.3957730767385761	0.40298659413420834

0.4227857334106552	0.523603946399875	0.583336122371082	0.5966752611489418	0.4378201491342667	0.4330736437938866	0.5958289225559017	0.2983171740025626	0.4389054281167257	0.5290012230287765	0.5496355595689252	0.9855692492502307	0.5580170927919514	0.30493679499169335	0.29683328692718347	0.4379982237421355	0.487036776983628	0.4413517418123223

0.48057787673877916	0.37928277660498144	0.4068092524294941	0.33513524443104736	0.4020383473757235	0.40690783930640434	0.46834804683067005	0.2889428882407677	0.4013121249158562	0.46695086527482604	0.46964661487756376	0.5765040758430222	1.0	0.4239228446999311	0.3142937442223759	0.39942936791379263	0.3769664305092897	0.5179180719114911

0.34507590087244433	0.36962532089497036	0.41217261649323866	0.47049125994578733	0.3675041580783195	0.35193332609144096	0.43057886125829087	0.20000294920748968	0.35030817259411307	0.4225293137746855	0.45447018093525227	0.48953360093935316	0.5766076822413736	0.5284380976297052	0.2813844858035387	0.30921861067624223	0.43769877470967733	0.5504457330435908

0.6538930707926494	0.6966870873439555	0.2705164152468127	0.22134245158810262	0.6833491381920731	0.268055894007476	0.30278820787140137	0.12750355319880538	0.2151588427617685	0.23460142083731192	0.2505629067634262	0.29366148389513014	0.3142937442223759	0.17007098090625103	1.0	0.6876875252243746	0.6427951162194464	0.7398207724195613

0.5855852631455778	0.697084750436284	0.41415112133099546	0.4255111714711004	0.6249102688873521	0.7640616449609899	0.421363478603931	0.20209861766211776	0.4041888946497319	0.4263161926848481	0.30098438535068245	0.4331609593453156	0.39942936791379263	0.17104779450778687	0.6876875252243746	1.0	0.6884332152862362	0.7041128302579582

0.49891991930669977	0.6954399041040327	0.5149057694375552	0.5540306761253186	0.6254075739541614	0.5119297247899277	0.5159652222971031	0.1703269013005839	0.3881418855707436	0.39898162356280753	0.34980207283587184	0.476575503482228	0.3769664305092897	0.20692673901348996	0.6427951162194464	0.6884332152862362	1.0	0.7274426006062427

0.6058745497044489	0.7129893890897616	0.46168417998613687	0.43227975931824747	0.6426349765114074	0.37203315760132005	0.464915368755196	0.16844594907899776	0.3084556868635825	0.4267562072504706	0.39306013245207505	0.4414883646000157	0.5179180719114911	0.34984380815836785	0.7398207724195613	0.7041128302579582	0.7274426006062427	1.0

