1.0	0.19420460269437245	0.6915747808499862	0.3542193471880793	0.34390971924915115	0.1950924653558245	0.277011338017498	0.23202224410978056

0.19420460269437245	1.0	0.26303814776575896	0.16050338059277086	0.09945792019541294	0.1101415557407463	0.3182539853134012	0.22811463006157684

0.6941788329615867	0.24984635860094445	0.902805875769833	0.6521626406095222	0.37631009854681796	0.31134833826788455	0.5411509659734475	0.5234447773511277

0.3542193471880793	0.16050338059277086	0.6537786788354072	1.0	0.35246819296382176	0.24190858438889204	0.49396281510890305	0.4869381800464765

0.34390971924915115	0.09945792019541294	0.37570174379819155	0.35246819296382176	1.0	0.1891754774640098	0.3140527838883861	0.3649554788449027

0.1950924653558245	0.1101415557407463	0.3203196744395644	0.24190858438889204	0.1891754774640098	1.0	0.3247278600636505	0.27568732687715614

0.6662550452417353	0.0968261860309613	0.4214260729865117	0.3020392728829604	0.2687725216083393	0.11199361192648796	0.251716696299355	0.2260407442160673

0.49788466729057335	0.26326619787434885	0.7429947885769024	0.5544834703289188	0.4179331858571283	0.31400517796807087	0.6280298797987087	0.5573177003794747

0.7529343377388078	0.1803732687921344	0.6260433281886012	0.5326519287795446	0.5308643561801158	0.2770148323292023	0.4359234621385193	0.41878369736199916

0.6546798215814168	0.16768363429597177	0.6998290603109205	0.5200916772568573	0.40440076545165704	0.2722173116825827	0.5105160268306955	0.4809512692777218

0.3609074930849774	0.30424218165424466	0.554261510959745	0.5008531354687067	0.38269083144904	0.31526447330280244	0.8648516227516336	0.5690351097097941

0.5721009107174808	0.3694458214924009	0.6578145732861869	0.5007907846825104	0.36963051410339764	0.29809027647558317	0.6526316582993246	0.5882042783859684

0.3270730034876032	0.24299971257277142	0.5144695171924467	0.5072569085184522	0.34778534791609994	0.27072920966095626	0.6110937720723455	0.517243326289655

0.23202224410978056	0.22811463006157684	0.5305942759654341	0.4869381800464765	0.3649554788449027	0.27568732687715614	0.5837879582397776	1.0

0.23448020989059765	0.1885288569132617	0.5282758913690998	0.4714709219574085	0.31537047453260436	0.2979959181738252	0.5024774863707191	0.5213199510592702

0.2727713782732266	0.17462490974663958	0.5214159103554512	0.4911465849172909	0.4005634584687052	0.2874998187228114	0.6152384737903919	0.5841022747010841

0.24758894023437095	0.19760240605602475	0.45780143152664776	0.43039026069938063	0.324143247228315	0.2447810453995501	0.5140687609209063	0.44120927252867675

