0.5533471143811691	0.6762536795222505	0.0	0.4291165203825045	0.2958303238273218	0.2166488979708813	0.2051971770448146	0.33734868833647796	0.25642985244999694	0.2890415556272361	0.24481533915587272	0.31517359139504253	0.3290437642276014	0.3503825225875653	0.33153748930830773	0.27809874412892305	0.229128524786546	0.21234378689791905	0.33455333824817557

0.4203208819488764	0.4846079698913007	0.0	0.5015028295589686	0.33776903216610754	0.2950122949566011	0.22506630769394237	0.3120614796192621	0.28036793726388315	0.3987629182921694	0.30567120023843974	0.3290183194023253	0.36002405315909436	0.48553826033297376	0.3700112246339509	0.3099529680300852	0.25609456152695964	0.23930982363833272	0.2985922766945076

0.5670798111831515	0.6668859789151009	0.0	0.40795339785019025	0.32959119411212473	0.2342619762313458	0.2051325484716483	0.3469424082506628	0.24801035127078913	0.33970774345316357	0.23608663428093027	0.3076330159338039	0.3075666534368328	0.40285402955901284	0.306097074970703	0.23200244308533097	0.1880101887715318	0.17304164863546656	0.2679945977257917

0.4894362869033071	0.4761940921488085	0.0	0.3187547858396639	0.30115068407136103	0.2219779226696341	0.1380054782620309	0.28942786923864117	0.1789505023734288	0.31606900186125	0.2184976547645128	0.24690199987816797	0.18715515086007894	0.35888772914384903	0.2924353393886977	0.17551307881708572	0.14279523287516294	0.13440286393084946	0.2519420420521891

0.4774239267865268	0.4980507386217569	0.0	0.41033514605565624	0.3734704408319906	0.24287164910624015	0.19452154474430372	0.2885938483599353	0.25361750820217305	0.3359866047602553	0.21153576425859977	0.2906383438972396	0.28536667304531893	0.4080414879911798	0.3100932741552424	0.2295161123909551	0.18552385807715593	0.1705553179410907	0.37567040595016743

0.46492648866296626	0.47950754111546245	0.0	0.4264541634109057	0.3912826681784881	0.27033201565295145	0.21949267827128605	0.3233889796324967	0.2847170252706964	0.3515244606130654	0.233658597359573	0.30797973327403294	0.32793989727037576	0.4228407796833181	0.333967758073487	0.2679509373037659	0.2128444890244755	0.19787594888841026	0.31989580831915254

0.5425854115034932	0.5170580228742405	0.0	0.5631256280337906	0.5139139157295274	0.36541881021451283	0.24815029563015678	0.4138717682260976	0.2899462982943817	0.47307680899287147	0.3772519942017159	0.4151347198066415	0.34162849934313344	0.5317722555364769	0.4488139992619853	0.30233452473353434	0.2624006573344982	0.24889343650744555	0.3095307605937884

0.5002011978437597	0.5743194149011712	0.0	0.48096997612581427	0.37481590229440664	0.26371270840108024	0.22204319090770958	0.3507336695779133	0.25003502563446706	0.38754300621383186	0.27273873489539224	0.3619449011411803	0.3090213457530448	0.461075588525643	0.4060947664500917	0.2920634142381287	0.24309319489575162	0.22630845700712468	0.3497026468432915

0.6489225772156619	0.44498747200860256	0.0	0.4034099773934374	0.35577276524646206	0.3356212492044305	0.17103343877779253	0.3162363487489168	0.22461484461540182	0.34843542837403485	0.25654586373036303	0.31971460946292085	0.2623015528808862	0.40824260640988774	0.3504771622574024	0.2190845294166225	0.16829197487837555	0.15672375716554915	0.23247896641215882

0.5120523239100638	0.6013015321723618	0.0	0.45927186831638533	0.3801320816003029	0.305185672469653	0.19523648077730216	0.3443302007027145	0.24814258850533027	0.371977706508408	0.2512736649625762	0.35843670877565376	0.31763730742559615	0.4467110906280404	0.40266597373193846	0.32455620019664927	0.2546636136647372	0.2357371381196739	0.2617504597644991

0.37791838657068605	0.37287676700586475	0.0	0.4028402149679178	0.310963614846687	0.27879280137661766	0.2202132643503709	0.2939725417275973	0.29427486901499544	0.37253164025452856	0.2607699878031884	0.33298434984714753	0.33069237099039894	0.4390488729483508	0.3740433677560887	0.3249489744108609	0.2740295726709008	0.2586810080603459	0.3062559524054141

0.4569402485882986	0.5662740139623328	0.0	0.5354876709516381	0.40080187685994856	0.27374792329431197	0.2806381956123644	0.4123846134105771	0.32571985531813574	0.4010130217504453	0.3376208433133528	0.39743559551758384	0.4303665641726373	0.45953476483254463	0.42635532629227774	0.3670331699877045	0.3206853938445144	0.3048607379094803	0.4006553502011997

0.4526408055477621	0.5285052489624431	0.0	0.3405763902274307	0.3119281040555637	0.2269537957817921	0.13941848138157076	0.2339780449928978	0.16036335375336716	0.2631748019020598	0.16594610020728517	0.2625896713486922	0.24926273268690619	0.3480715397347224	0.31257646360303104	0.2544438124228279	0.1878561016964998	0.17538964561754977	0.18220831940632448

0.4759540264064859	0.5309988997572566	0.0	0.39161210473652586	0.36084461887823227	0.22308845188811538	0.21074923911523175	0.3156489654438853	0.25466521074157505	0.277674035343071	0.220997831179457	0.28296402534836773	0.3304015501502484	0.33430169821930655	0.33032806865498987	0.26562999013498456	0.19789810109680367	0.18292956096073842	0.3184654468799548

0.4522070313793467	0.5692923017400102	0.0	0.45727502327519953	0.4018124818605084	0.31839800944063945	0.24132660325666727	0.3362105873908511	0.2986724746287185	0.37839163878231563	0.29767088156394883	0.311429621305502	0.343011009726289	0.4438250028506521	0.3510629755346692	0.2857160607774658	0.23060961249817538	0.21564107236211014	0.30738611014866757

0.502801880795098	0.6014985425801966	0.0	0.476782880467274	0.4532707238209183	0.3370006984457964	0.26877056010512257	0.3704740247363833	0.31364788386221215	0.4220061653396121	0.3472681369614087	0.36216471036775355	0.3422798755328008	0.4851524514454614	0.3964033534239193	0.28456724081609297	0.2405749865022938	0.22560644636622856	0.3517958012147198

0.48729611574008147	0.5040940606898087	0.0	0.4280309797739718	0.3452721871019785	0.2993498256561262	0.2264463078867039	0.3326981213217006	0.28789955152000796	0.3574796913051786	0.35534018819399854	0.32738214709931923	0.29332985363746045	0.4182926438622998	0.37168570247034904	0.2514720738467437	0.20960724415627813	0.19540688432220388	0.27377614613435497

0.38438549834109736	0.4889460690781227	0.0	0.40757596932819873	0.3828653385849051	0.2482061048290815	0.1813580003486196	0.2912923524995281	0.22450048714752024	0.3465971992082033	0.24450476806203902	0.29989822188431214	0.2941405826272968	0.412327439681423	0.3277508968774409	0.250306187558981	0.2039584114157909	0.18813375548075684	0.26230539861499624

0.44318865461578183	0.49914198534096277	0.0	0.5113363286609335	0.45234925469488885	0.32786226621016046	0.2027575221257055	0.350077448078866	0.27309641255278977	0.42551662076592994	0.4081606200447165	0.3591900109763377	0.34894572678940233	0.4912085696831296	0.4093284972454413	0.32325156373612884	0.25508888249202855	0.24012034235596333	0.30607165945595294

0.525796525780893	0.5945774582465204	0.0	0.4706144877244607	0.46839619728506965	0.34435238891174624	0.25528470802836906	0.3805178992838172	0.3132084635906254	0.41151407177289057	0.3348960067196521	0.36804440700757524	0.3555765081765677	0.47685658756442756	0.3949802868433566	0.3055166553814892	0.23745103889451746	0.22248249875845222	0.30329245565481266

0.4805271016048479	0.5554610490884091	0.0	0.4859296182543097	0.3783036501376301	0.33935815851247453	0.22005942328998884	0.3747199606596806	0.27954716859316525	0.4003301618319669	0.32807862003104576	0.34921145752466354	0.3136669046499962	0.46114311438908806	0.3856246473175251	0.25714204808350916	0.2152772183930436	0.20107685855896934	0.29312596242095745

0.4993024783845912	0.605444401118614	0.0	0.4770801519526001	0.4318720119055382	0.3027596842635005	0.25017205616357635	0.3533946795882036	0.3049145827587113	0.3898129846144495	0.38867162458713267	0.33466338383141636	0.36110676353447124	0.45611512684332056	0.3815919898868874	0.3248100914947243	0.25647791210849313	0.2415093719724279	0.30798046600259693

0.6567591936954715	0.5136494202680181	0.0	0.3852860734034469	0.250445824566248	0.21516145015395813	0.16810940361697424	0.25773714151519844	0.19993080110952713	0.30896786508153595	0.21121220626189036	0.25362810176856154	0.25874506114177387	0.37215910747724595	0.2789616721669692	0.19880357104886592	0.15481131673506676	0.13984277659900152	0.22081789874036126

0.5354845355496829	0.6277410959400598	0.21085440114212534	0.36151486293585033	0.34976299425600654	0.2446122508978513	0.18679941508455852	0.2921801168804633	0.20833539024731138	0.2895016440843323	0.270409313626502	0.2847043847944799	0.2717724084621485	0.35944309085326626	0.2922801107794988	0.2417082447676694	0.18401410586428618	0.17139645550091062	0.2343279657817792

0.5219395324356852	0.563134794219468	0.0	0.5328735584016153	0.39762260152133866	0.35318149859325176	0.29318950318505943	0.4255058033962037	0.35348635481859225	0.4311278153667103	0.4033805005754021	0.42206974387487145	0.37402845857718914	0.4971981213215338	0.43767687499262664	0.34413058109129585	0.27249749755894453	0.25667284162391046	0.3477633033341204

0.4525675288787594	0.5407588657145783	0.0	0.4889698852643294	0.41633771905794376	0.3719615448338407	0.2416566928567605	0.36143987355282803	0.26303206712677096	0.427619575261594	0.3303154281749706	0.4018432917137972	0.3186403049743247	0.4881140610969771	0.43490845026697256	0.29658880164990675	0.2525965473361076	0.23762800720004232	0.32931335119392785

0.4555487954252885	0.6207518462261321	0.2339155515926981	0.3817154882789351	0.38921129525934506	0.23618396887964782	0.1665109915782617	0.24541331834323865	0.20932615818978395	0.41184463018699735	0.22437534545263543	0.299769237819304	0.27177240129479474	0.47995730416395593	0.3563229478692891	0.2739732009286425	0.22973729472252058	0.2143541830328598	0.23574607676172613

0.6557284710619622	0.5919551153527988	0.0	0.5185072158600472	0.44142070645471754	0.3744616049270677	0.23130788017585122	0.3680418928437866	0.28479533601033014	0.41184765381877153	0.32874711052566186	0.4255589750433224	0.3418798086879077	0.48673709476259697	0.4303006972230828	0.2888911768531599	0.2321007597912193	0.21713221965515406	0.2842062951864498

0.5319341998344587	0.6069113013262291	0.0	0.6202098661147837	0.48871974284731756	0.46444187368471934	0.23159175789694744	0.4401402823060082	0.28257028993839417	0.48893291709177583	0.40263582173330215	0.47827839904102476	0.34015152302353435	0.5511013984034795	0.5030294821340904	0.3030953583460968	0.25810958459911004	0.2446023637720574	0.30565129926896395

0.45867092942677834	0.5634008315454766	0.0	0.5204360198217386	0.4539514211553439	0.3161033832184501	0.20972518594091935	0.3373303568091689	0.257330409989137	0.4457457403257692	0.3192044935826604	0.3490961933665233	0.34351754396419	0.5143604576473958	0.3802454817664246	0.29050052190396003	0.2223874035974562	0.20741886346139096	0.30326395320342936

0.5281462591950408	0.5753308464719634	0.0	0.5107682678915951	0.44971451969484066	0.32714140420619287	0.25746543906544156	0.38538427054284197	0.3143479351093108	0.4294479901785205	0.33557814734146685	0.4106122332493424	0.355148811944785	0.4902609427356417	0.4184255284243781	0.31120964976291254	0.269344820072447	0.2551444602383727	0.3454679212503886

0.4652908593018977	0.541085482634526	0.0	0.44920976979818267	0.3573623076772968	0.2987864300316463	0.16718570993310714	0.2953830522878644	0.22614614729158197	0.3612486921861584	0.33919676702608303	0.3198891469397859	0.2979757419583695	0.42087969829206917	0.3596921996756032	0.2688088143621641	0.2015345412900364	0.1873166263711057	0.24969284776264314

0.5083944157280519	0.5962390471251503	0.19957943067148562	0.47554813321820555	0.36066346489400425	0.3642146717466231	0.2178016084301378	0.34394074017281606	0.28038549316527306	0.416236508888387	0.3339413513526096	0.363052832281734	0.3135810861425792	0.48892884057370267	0.3878342213592613	0.28143442829225684	0.23118984918336535	0.2169894893492911	0.34134568502116736

