0.9815563101500542	0.5760265042376558	0.6166678808470445	0.5506333616198913	0.5681857948443108	0.4672615676257623	0.5970771854631034	0.6036180646759182	0.6119062538119225	0.44320677736987296	0.5267605234083576

0.638612256951155	0.8616669118414895	0.8665878898588045	0.5109647592929777	0.5306893942263752	0.4615438481857377	0.5720932920455937	0.6239202637208257	0.6450660423720538	0.4593357840349652	0.5130276318614644

0.5304352258338296	0.5115247044064972	0.5483612350450566	0.8499787191876991	0.5498986081138169	0.5351901096203722	0.5173068596520367	0.5642740429898074	0.5730406376376418	0.5393647655708896	0.5167903951164363

0.3938651146759553	0.4696514791965405	0.44759959339528627	0.4591130075581219	0.3659033560190603	0.39749880956710637	0.37344158158427254	0.42060940832473687	0.40689605266536183	0.34503659633374073	0.3760367432535686

0.5735098959868055	0.6034024214192673	0.6221956355474223	0.5078529760560959	0.5163171093045702	0.4344487682266268	0.5724204615640687	0.5928337527837734	0.5814787237253585	0.4319128594837139	0.46385210366681817

0.3965366910080035	0.45282014295390866	0.4584580680484381	0.4147572317721237	0.37050925960610903	0.37723352425115075	0.37308098148293534	0.4072843825873823	0.41565612538498653	0.33966090443478086	0.3609527640081951

0.5638247824698221	0.7006573114437953	0.5987305434473283	0.5672484987056982	0.7822952887485384	0.6218017124395645	0.6130560504488907	0.6252215867859187	0.5728450147711349	0.4335765928583145	0.5116200406828288

0.5583445301216908	0.6075056987816569	0.5863326388401817	0.4964663073361575	0.6211187962065334	0.44456234237199405	0.9568188570088385	0.6801222462496797	0.566550727321694	0.37824136969638344	0.45824291606310263

0.5772709152542709	0.6088089298795452	0.5869387409686053	0.5349710491970021	0.5970333622209787	0.5090140201470725	0.6338322859890466	0.9071213698026066	0.5801985297053254	0.4493696175678388	0.5342925416926521

0.4610171513667996	0.47549363744282347	0.5168335453901612	0.4322479043391209	0.4703383571028682	0.48272486092792427	0.5159809242007534	0.5298203228610237	0.46752094928201293	0.3518991609059676	0.3901331415605905

0.6118830865034323	0.5892435988683671	0.657517171246722	0.5461432429796147	0.49465777354031604	0.4450394415979756	0.560404897784907	0.6042113241800842	1.0	0.5367313862420371	0.5270465756369365

0.5380451210749626	0.4911587685463613	0.5155415877679455	0.5284140562585307	0.42400725427242775	0.41648117096239	0.453369422664898	0.5103062270243464	0.5454363091934424	0.4634639577876862	0.8713335278066159

0.5948894967660092	0.4601568824464277	0.4832487777182518	0.5238165557576634	0.44588858417714916	0.4869238363441976	0.49857916727000307	0.5419360770433781	0.5147851579660652	0.41702959044624466	0.8124469693955196

0.40710037494305307	0.37483959867320565	0.37849714401886514	0.497485861160884	0.5080467794496639	0.4847709697585859	0.4216122402119497	0.576926054638981	0.4163243046112388	0.4049282515287501	0.4233677389447925

0.47323695563130486	0.491988560285903	0.5084786081899713	0.531231291760502	0.4815306916257289	0.5489992606012354	0.4792222035312476	0.5397745818988915	0.46566043283322545	0.39527927772276983	0.471755750948479

0.49283136631162894	0.5092102527335249	0.5212326854831495	0.5651066980033639	0.5246831882134033	0.613863070687855	0.5308031582993595	0.5588574150563713	0.521795884233945	0.4315154161086998	0.45716130573550595

0.5380095327808625	0.5542707382154639	0.5507939044698416	0.5053390030886904	0.6822856519429139	0.6040682641712842	0.6325260396992014	0.6675900710524043	0.5329989898942293	0.386061767370378	0.46415966985904966

0.4228740310075244	0.3778003144240858	0.39761156684220994	0.5090113509971503	0.4964798542988878	0.4753384762072327	0.45206611196487845	0.5906205372775928	0.4530534908327697	0.38411955544602183	0.4180931755562153

0.5118403909237786	0.4470073721057559	0.470026402333557	0.6108034089481869	0.5747061658661876	0.5414881765014037	0.47659236783501846	0.5431313856894895	0.4935735450629707	0.429058022166453	0.4757766518626554

0.4177690352292506	0.38148239988607313	0.3845799019951224	0.7185624358425455	0.5002204223540012	0.5007366103994357	0.4518378417019339	0.47598117159703934	0.4719204235611719	0.4349704957559363	0.394660089688764

0.4730203917490138	0.4289673100826178	0.4492966046002141	0.6200872559203543	0.8003447130962353	0.49049539397090447	0.5333824912038778	0.46806558750100435	0.4117835478599039	0.3492185178959295	0.4128686960128727

0.43530464576735284	0.34826138085807246	0.3692727026538477	0.6606981865282475	0.5216160704049015	0.506623182219055	0.46036411889829254	0.48114972354959007	0.4943513119218366	0.44244590111119786	0.46492352716046825

0.5445316785912125	0.4783078132247659	0.5347237393647363	0.9135418654493375	0.6103410091914571	0.5271912813666565	0.5114058740091602	0.5801575857261041	0.5500487166481783	0.5000383166180511	0.524888480394264

0.44490626100616876	0.46049249293954014	0.5321676559440816	0.5218651705237548	0.4062799131656226	0.41927728687832	0.42097718832233944	0.4690874713541664	0.5699565741883376	0.562438708190552	0.41962913989063155

0.5387253309102009	0.6036878019873094	0.583911428184547	0.5042361774995591	0.7293797783533507	0.6167271259472477	0.6907212625077324	0.7165593650119323	0.5498544470545937	0.4268562741284618	0.4535444833936719

0.5161245181459789	0.5306355391940882	0.5452207946407457	0.4613068709722845	0.5517922895381311	0.6636939018087114	0.526492728645744	0.5878513502660992	0.5084864428449868	0.4168333675970779	0.47145102907032455

0.5095417278606871	0.47807062620224194	0.5403817410621041	0.4784156365789429	0.5043496335065172	0.5790611822395006	0.49186110978747766	0.5393376319332944	0.5184204082270294	0.4073781178071414	0.4597233941275334

0.4665341359223475	0.4755248452685945	0.5006042164064652	0.5215909033370025	0.46589481845750724	0.5722862020902529	0.4868217910185053	0.5430555018709264	0.4798857334894111	0.39436797765255804	0.4421331391690877

0.49952730989640326	0.4660010376378188	0.5034849708405578	0.4314374152622735	0.4074128329562202	0.39035639198068034	0.4255605568351937	0.45951182776151284	0.48752273225844983	0.3396251166112192	0.33829146425248285

0.5573129365390347	0.6384494976844647	0.7068577417687301	0.6259049026869419	0.5025053755635005	0.5005418333664	0.5144033689324561	0.5589918110644962	0.5629975592539223	0.5449742494603168	0.5560075341259435

0.46209333291459176	0.5260028274164441	0.5360156522005599	0.4114090775796591	0.39415209071848983	0.32474407326528787	0.4389721332593533	0.4627879951499184	0.4796572994615885	0.33111947550148035	0.3403377417805713

0.5936285134986958	0.5724548882428551	0.6053110325833329	0.7768575923474805	0.5467824399489717	0.5253546918018334	0.5796338667064707	0.6150052207810717	0.6521744467495951	0.5358491723540146	0.5212793847170769

