0.9742151613015102	0.34899225993498506	0.27660221108391325	0.6317328087919705	0.2750681163999982

0.391020619066815	1.0	0.6291111076216397	0.4536303764672943	0.3570204214095988

0.3131049171332264	0.6291111076216397	1.0	0.4074677800479587	0.3259641150106916

0.8977054277915584	0.4961418687974797	0.4120964777892076	0.6287082866185439	0.4585502866249478

0.41021950665558804	0.5082623849660672	0.40976198065658065	0.4130992338243281	0.3995459069467672

0.6571100672697863	0.41298415294779656	0.32993711209138693	0.6241830292979773	0.4269942198091339

0.623546828731321	0.4274296032766529	0.35853686552113684	0.6008520818693865	0.44699920335286714

0.5336631607062163	0.3200427954255844	0.3068995848112367	0.5794951488552234	0.43854344853259253

0.3671989847880642	0.4107041386731353	0.36855948387756265	0.35037970507458716	0.4655129871928875

0.4220391834249132	0.4845779916091818	0.40924582037073975	0.3753945832265901	0.4786014707690933

0.5273119491435282	0.4144014467934774	0.35784860421249043	0.5032923157937037	0.3847301566361926

0.4096421913487751	0.43800761952575507	0.42279312881752623	0.37342894766394075	0.4947550552908025

0.34717020943737653	0.39742593192435227	0.3659011527522331	0.3533310172303986	0.40311990648957885

0.5216992243315468	0.4140378052449315	0.3876851139415205	0.5120696682401239	0.41631464319042744

0.6392664658558935	0.2776835665906725	0.27238632598329854	0.6153351183033382	0.25099023349320954

0.466976880672735	0.528458732581183	0.4713684810782678	0.45562240679566757	0.5546503685408356

0.3948726734846417	0.4293825946140103	0.38106649555609784	0.3307452934107164	0.3804536300655329

0.6046960437684668	0.41924804422874234	0.3402982642719067	0.5769216107172489	0.3902202778078833

0.40033286525444656	0.49814590424642674	0.3908673153646905	0.3400235471800637	0.3973210988165249

0.6263419699794567	0.5067587252296025	0.4149832425194222	0.6014120557359437	0.43736455955960285

0.5271595334024959	0.3674566799665556	0.28679550789910024	0.509140411524166	0.38493026679779385

0.5968721479366161	0.4178165540349723	0.37792237731843814	0.5654748935667754	0.48080495325292333

0.43451610389323614	0.47942551076943474	0.43487356124228105	0.4176690219971966	0.48713536254620504

0.5906775725667941	0.3839797549593079	0.3214808220192522	0.6268841769174202	0.42221663983559155

0.3902846314502177	0.4366724646516499	0.43283630918250104	0.38739113395929337	0.5194138462060779

0.33051551905084325	0.4436985464460105	0.42435236724228576	0.3643163395819914	0.5127231677920183

0.4093642835439039	0.46924458267263225	0.4484250866876022	0.4048635872792071	0.4854117744017507

0.49148465142428555	0.49290686108269044	0.41935070602411584	0.43536256316921373	0.4749454638418035

0.3959396863894	0.5352867114432158	0.4580973371580696	0.4020671013353493	0.42377170516703333

0.5139646547761761	0.44667010170786053	0.36938453252779135	0.4956257650861614	0.3748218968539957

0.3698576426016136	0.44737788893867947	0.37803652848231134	0.3420502982367721	0.41379166961109115

0.33583389493693927	0.4039143047892145	0.3496685482254976	0.3304920622794607	0.3615097925959314

0.48117249039739873	0.3872207035016888	0.3191455762318887	0.5083885904275101	0.356168025669249

0.5376438247822312	0.4662255840526897	0.38906950122842354	0.555969934119433	0.4486747955095928

0.5299958527129532	0.4573859254905357	0.40707301611136815	0.5536435890317379	0.3891388492692399

0.3222957132761285	0.37827939164773405	0.36569188343301995	0.3225043691182452	0.40760882121633635

0.5707160708742697	0.4836262706179606	0.41913303953057274	0.3723787914823332	0.40803337455018135

0.47779833662898435	0.4597987703213824	0.4265579942161929	0.44469966768334546	0.4657346864729264

0.4462011760011879	0.885675119246413	0.5533322589707379	0.43613952330525785	0.39638213574546416

0.26104156529831235	0.3448143739789605	0.2734934254138145	0.23402148600487177	0.3026781537440537

0.3098757285150011	0.3666636991789012	0.2967149597471714	0.3063263655212781	0.3633516124353505

0.29752561341124767	0.3632363939669358	0.30220838484855417	0.2694306095637622	0.36212172962025346

0.3361449049565719	0.4449314560435014	0.39705731131643857	0.30317339479380667	0.4000195509738719

0.32219906466373494	0.399271668728902	0.3331299828130668	0.30768646185962045	0.36806703067961805

0.3024801448460724	0.3313187805987624	0.30750919511219693	0.24974952665346317	0.33843062086902687

0.22698720632923303	0.2822637004478358	0.24919121568943625	0.23591232063918754	0.2980084253010479

0.2888243992622208	0.45804146069762475	0.34054421829662207	0.28921741794078454	0.2984855130716277

0.25443341448802215	0.31428384169874884	0.33348408941436447	0.3053828579391711	0.3470603724354947

0.28095714122447063	0.3269652294909229	0.3117663554230776	0.27845283149614053	0.3383159400788169

0.32861869530302	0.3906115344398098	0.35762904777736215	0.35385665720709764	0.38502675947561205

0.3884415169827028	0.45875425537572806	0.4182987551701197	0.3606231296769317	0.37829919476371127

0.281116689434921	0.3759623302673254	0.36834308352636347	0.33281695806343115	0.40289559562089616

0.44864314425378643	0.43251957369942007	0.3556656662021061	0.36767037731575225	0.3695693646074371

0.28054237503224466	0.4436620056670779	0.32635308930536894	0.2784299734486382	0.3404673083227051

