0.7750553770191848	0.3825946874595312	0.3354419018504911	0.3982576684688736	0.4258395134536217	0.5370005971415507

0.48984435678697247	0.3822534478700914	0.40506544111346066	0.6278310275545851	0.401048633672497	0.536919597246913

0.4384062736609843	0.6278453861557037	0.34188277633758524	0.37642995974588034	0.3875377814623182	0.46889453475059684

0.4978415692109358	0.46283598236051693	0.35889947319906795	0.3870551315196923	0.5066339265288352	0.4694423173714929

0.5506903699378234	0.4894069214807907	0.3619937843789688	0.4163719410561643	0.5391213850287355	0.4423447347546233

0.5304031237288389	0.5147775615896354	0.3975163845079063	0.39758209196337246	0.5278613253497249	0.5312275611801729

0.536786346324918	0.4200822548896388	0.4524642821671327	0.4862562903701453	0.5131704883405016	0.5344065824697427

0.4463192946555826	0.46419595720017426	0.3402821601648696	0.34924044357296863	0.45956029144021027	0.4336901667748905

0.49924279160826	0.352564159892954	0.8264292878252231	0.4343760181031552	0.3672832570403586	0.523219178336558

0.4398165439042448	0.3750482352443391	0.2524259285790296	0.3684519135929718	0.44549059812892733	0.4082971401199044

0.3916039424634403	0.35806080695608733	0.3289437360302173	0.35707364912474177	0.34993274831328425	0.4241584455767141

0.4776550964546943	0.39813557249583054	0.36470793863778417	0.3997650621596376	0.4526098889024556	0.42224762440594366

0.6047792530137145	0.3989443919784452	0.40613097622287475	0.4629956466021339	0.4167931880388003	0.5913625601294479

0.5549888696387928	0.4486949952496214	0.8179101278675796	0.43255936593537414	0.47064118300582564	0.5067528082307631

0.5560414355162644	0.4006937339877676	0.39946358700577844	0.7178185760510599	0.6123534196170592	0.5213661115057823

0.4249381059474586	0.3511971461995186	0.32994854957350306	0.5609378969312188	0.3669235927956425	0.4381391753747231

0.4733401940144242	0.43825150008523317	0.416864175731916	0.4413287506980249	0.44408255728608426	0.5579659617699051

0.5905577622070726	0.4492286799725113	0.4642770149229104	0.5632409937008045	0.4780326775202336	0.572596869380475

0.4582135987812196	0.4350455393033372	0.38470984809003805	0.43111049956494185	0.4722843484694385	0.49955995981446855

0.5718526910006692	0.425199158462058	0.5729743356521648	0.5085565775077813	0.46731105911357085	0.6082160835108088

0.505507816505613	0.43901000427860054	0.41115543812882427	0.5040359604388556	0.44712370000543655	0.5545073385993142

0.4852769731785519	0.5038592560670712	0.41102731714792506	0.46898099492331513	0.3538052179586093	0.5783159731970438

0.3684343839483645	0.3697696398863746	0.32951715966388473	0.3747363281177397	0.33982367516136797	0.4709325493716816

0.4896546968267247	0.4222807432595349	0.36003279504154695	0.48134434392484615	0.4451177124610092	0.46543729141247

0.50420668035918	0.45164772619771887	0.4335247986660866	0.47667942226127424	0.460903027425826	0.5138220135471144

0.532463647980817	0.6451426375337951	0.39014923854697126	0.4602592519580845	0.5073174594863687	0.5629227117186295

0.5458896418552153	0.5893206214377587	0.42498290335457134	0.4853285655927445	0.5430152015032716	0.5520856625860189

0.4300032837781015	0.5875421634022981	0.3980220823492998	0.41916912397110784	0.433393850613808	0.5295780545905557

0.6217146485739034	0.6072298767804098	0.495384287080071	0.5362547757083787	0.6069640415507678	0.6165229965667192

0.49492417246634646	0.391556407192578	0.39647014262850044	0.4858556077908125	0.43416540603046927	0.5290636164072191

0.33934037457290106	0.4460136784191727	0.37853865872102815	0.35659274687795395	0.35059394527312293	0.48779338108806514

0.46562556578517167	0.42328226758795495	0.3514007336070632	0.3845530608851156	0.4575106885486513	0.4441106056350316

0.5009242355496405	0.4307850525099206	0.36224720659184695	0.4448583141937632	0.4188249074704987	0.4872482742183837

0.31630866017533754	0.23972574973052696	0.27903897178411535	0.30336193033422043	0.26441522835829084	0.3208228070994972

0.5095545464803293	0.6878272248558153	0.38554560919038827	0.42953852873291287	0.5376977680808511	0.5185881986208176

0.49379485545601864	0.45660089478602817	0.4352079207241474	0.4584458679671629	0.4654710905771551	0.46739207790028164

0.5041618917699638	0.5402110627823893	0.3585813111041388	0.42959691259591487	0.41545180888833033	0.4701555818162149

0.5674108210656161	0.6165628199427609	0.43821492882857216	0.5112154885142212	0.4456562450525835	0.5626738811895827

0.5318438451992495	0.4589403252038833	0.40005664499793125	0.4745915526832446	0.4441967337787985	0.5823726359242826

0.565081278958998	0.5801595803089603	0.40404901856855957	0.45940240155800605	0.526025458044902	0.5448341042441991

0.3498247702410652	0.44736127555796706	0.34354592930473876	0.33723029976839897	0.30709959706956075	0.4689959460619489

0.44748148766889473	0.4731003872594792	0.37578944775305856	0.3852957662450006	0.43935735174759705	0.4797885252300925

0.43758105096600475	0.39671779679313357	0.4080903564484196	0.4048822180835848	0.41183589942821375	0.5241364378787186

0.39717627184286575	0.40033387747204374	0.3278625987969788	0.3566112793595867	0.39683809338491133	0.43369113369267254

0.48489527335900184	0.4613347411922078	0.3925912936050316	0.4792139633918223	0.444279887663265	0.4825545543903187

