0.6365477693320443	0.6263493189611622	0.7777362994546466	0.4446678676814705	0.40023135316405517	0.49679865689292074	0.39539900060961736	0.46160753570354046	0.5852604217897559	0.0	0.2703101316489692	0.45862487169802313	0.7169538733474194	0.4929130637948104	0.48604724388954235	0.512273322012441

0.31607663176234035	0.7828608199690629	0.48198914463019704	0.49811083666206113	0.5572436976516382	0.5200510580043851	0.5271815084302325	0.48609335132156906	0.49523199108964044	0.0	0.3571865982022251	0.613735613981514	0.4013069644124867	0.49657282575578765	0.26137095360957335	0.2982999942658244

0.47433280632174074	0.6655581585814037	0.4305449507586417	0.5205479287329607	0.47431774354845274	0.5000600628003589	0.4464474676320698	0.43025991870670877	0.46293553674920207	0.0	0.3178877592398096	0.5844920921396636	0.3399302287389071	0.503298539954318	0.5515974872144941	0.6240894059543327

0.31832419266795775	0.5511288457929724	0.3841366581816208	0.5584127698017363	0.8173205471390236	0.6803129408485067	0.7355720684574716	0.49968052583374584	0.49396232901803755	0.0	0.33363200202726817	0.44111029396953855	0.3077513360742189	0.5469372777080258	0.29149661833917984	0.2983041867335754

0.40295770310870915	0.43514845726527096	0.3629476835677031	0.38484062685734677	0.3755996555652791	0.37804724257510947	0.34916507256415474	0.4002500663633792	0.36518986355946115	0.0	0.6195548927097692	0.3367194599726329	0.2791172002188222	0.32827414579210323	0.429563521577608	0.49052120411087485

0.34615861436362316	0.6540338017442306	0.5043347867870005	0.5783059107044896	0.5583701682032169	0.6072878901367542	0.4691878417914226	0.5252414602541237	0.5126172777914513	0.0	0.3953522861130702	0.5497029852740265	0.37376927767824925	0.5444724904145153	0.32970844354327455	0.2846827168048668

0.5304816315369141	0.5683694451227276	0.41029729178469265	0.4752135633973851	0.5171912711193206	0.4962974357441893	0.4095157467253069	0.48873925895382714	0.46182003495791635	0.0	0.3499175705991371	0.4494445011807066	0.3369730609126169	0.4427799676807519	0.592235438933431	0.6059158725710598

0.28915590372996147	0.6486997828181076	0.40589446014160724	0.5142458225634015	0.504732668676517	0.5041614344895388	0.49094419823363755	0.4346150657655564	0.4743596649321443	0.0	0.3556429368457935	0.5306488071517637	0.3296648559784051	0.536016580555807	0.2674779759509083	0.2641484858095904

0.6848984126529937	0.5471526503704489	0.3466922503385974	0.4239374461322529	0.4294815924451436	0.4335502528181586	0.4406209439014608	0.42953570464568125	0.39695706140051296	0.0	0.23055838946120952	0.40142600271300644	0.3095228409844158	0.39772495807618846	0.5708934932057783	0.8033995428778437

0.5454273376966297	0.4139629190036775	0.31531839058963884	0.43300869950080445	0.38502858871917034	0.4125396201645245	0.3641582295981959	0.31072615752087385	0.3769811119501127	0.0	0.29219843042775495	0.3633492251879904	0.21617781738409536	0.3232714619290508	0.9561564873212978	0.6625297006465908

0.43706763560622336	0.387095623833742	0.2775961576503606	0.40701670699344095	0.37778659831662015	0.407778151335646	0.35106260497271896	0.31027095346559774	0.3599163170205866	0.0	0.26214595041579236	0.30711358912071174	0.21204106392736474	0.3294338825866533	0.5528162295399544	0.6105339601691221

0.3679117944412368	0.5488943209630607	0.3578919111802453	0.5202670730850771	0.4862041914842439	0.4593251551570799	0.4405893547095524	0.47582335890956845	0.4249887885824838	0.0	0.3468976964992634	0.45204629170025695	0.2884840217805718	0.4212304568734	0.30705891034924127	0.2760047279839022

0.32382585114193324	0.6141752229384282	0.44215346486064605	0.6034957561475373	0.5596318776558737	0.5791080165834266	0.5485787849838957	0.4602247948817976	0.5581242270260132	0.0	0.42663540911196696	0.5523865770661223	0.3017251754061836	0.5325056841320122	0.3725252752111361	0.4098079900920101

0.511844768353046	0.5124051063295357	0.316080735561045	0.504348073822924	0.33142723327258433	0.3817767647283146	0.4380967850384597	0.4028638770544542	0.3878758064638469	0.0	0.2720228970193556	0.36679482189680657	0.28250653207806664	0.4184471346482008	0.5378466628998362	0.5724149121199361

0.3620611734085427	0.5732783380739721	0.45362898203446933	0.5747979204607	0.508819456383701	0.5262434766448736	0.45857717642315565	0.46140084033765144	0.5080848967848852	0.0	0.37363895792843355	0.47982970164596056	0.343783775051262	0.5027626924650173	0.3632651267024113	0.3212251978460002

0.503048475342901	0.6537183047450961	0.4595401089569453	0.6180611446529459	0.5064320618411859	0.5476406638506912	0.45272576052653174	0.48797741651595977	0.5160531453011183	0.0	0.3967156066699471	0.5071777216415775	0.3912987854462626	0.5478259196943459	0.31588356525639316	0.27896565839684884

0.3699657235994725	0.6656687204268124	0.45299924764814664	0.6407193654197806	0.4801151620182057	0.5074018560039701	0.48942120050714794	0.5026766451035768	0.49422022799916365	0.0	0.35220016538153653	0.5200657663691494	0.4152397676845729	0.5426759535623595	0.31243747021623525	0.23986730058486228

0.5045213084086917	0.49493289273466956	0.3781786904444719	0.5033521645164094	0.43397316617725085	0.4832712336345648	0.45837332553587906	0.51579907588288	0.4412459220198911	0.0	0.2585336553663383	0.3922393346368623	0.3655979900433583	0.4838878760924921	0.5230680867536771	0.5635024669354161

0.33257188438858387	0.542647093022159	0.46551122355259544	0.6377601651303599	0.5494781252925469	0.5919983657046874	0.47524366875303115	0.4603090444250414	0.5210441155022578	0.0	0.3753131660313874	0.4675565973659857	0.3879007002503548	0.6322830511794436	0.3531279123196277	0.3011388762852551

0.4930755696597273	0.4729914164275408	0.32925767079305135	0.4323952295028757	0.26011655080457485	0.3006259110799332	0.3011587137559828	0.39550885762678056	0.3649604714635942	0.0	0.2174159504052226	0.35403469641119706	0.3315717808008721	0.47375529173525865	0.4861669367127939	0.5379305106342573

0.5846930997935125	0.5256994514435651	0.39043942084540706	0.6132018338396809	0.37062488908507474	0.4242001155177393	0.3563531847852009	0.4417869225000688	0.4482043759646339	0.0	0.2719767492865759	0.4076625266773076	0.394960554017198	0.40890741877195064	0.5895474082852612	0.6357064099006919

0.4330174298039714	0.4567378752186392	0.3191577842488504	0.4364939374250153	0.37909786629343434	0.39112984865480904	0.3653606727664705	0.3948415468197455	0.3517671758539108	0.0	0.21404847616224099	0.36046793787430453	0.27713553577547745	0.36144753565650517	0.4362697491867074	0.4911551327762195

0.374229294978645	0.6112475754807105	0.5273065667300482	0.6079970675109008	0.5271063197991552	0.5166820889991002	0.4641124117643281	0.43872371656973125	0.5279200974623649	0.0	0.40953331584278085	0.5470291824906851	0.3135592839215471	0.5397942334017436	0.3898099142870556	0.33772923280121425

0.3333341092130157	0.6287150157559069	0.5216571696281431	0.5859359315865448	0.46272515814979326	0.4943910990198296	0.41309130480822565	0.43326273821532607	0.5017990145305226	0.0	0.39277316387836236	0.5151560335898131	0.38385230563025907	0.49984863626287646	0.32944920765477315	0.29238425955457226

0.29888701950173313	0.5149504183302681	0.8844671380486585	0.5074099215245367	0.4368272318403589	0.526239944703679	0.43232177650489645	0.4401739462866147	0.6465364182172895	0.0	0.3072033250501306	0.4135437484630336	0.6165757376043722	0.5310691959046312	0.25478873065235214	0.2115167773914838

0.35102496509430253	0.6603067357326926	0.6092519041358377	0.5511474301359297	0.4935586244435204	0.5054190315687355	0.47220356519146944	0.42646729697246716	0.499863210339792	0.0	0.3861778381805311	0.5478093379552391	0.34974900540919196	0.5073521310237101	0.3783817940079045	0.32961006021766104

0.46033166043117424	0.7041760821862968	0.4896070828129817	0.5340357793180182	0.5112829502011453	0.5977339937467561	0.49298287011215824	0.4958238616746545	0.5425667222480901	0.0	0.34689144605970457	0.5347648859109898	0.3794062464909055	0.6097430726586595	0.5431051263701189	0.5993138182342266

0.37402215831878205	0.7497749782331108	0.48194757122679777	0.5169370712338924	0.4435699342797331	0.5042740207178324	0.41330125959850084	0.5038278775171414	0.4908136044064293	0.0	0.3398987132404006	0.5800858468376624	0.4243420119055481	0.46816795893295543	0.2935150469037671	0.27793116010271124

0.5160109788731767	0.5367417324615293	0.4409364410442751	0.48571572547009934	0.5684334465589618	0.5787347661040196	0.5041482024655197	0.5257212223231337	0.548739006747153	0.0	0.37131463412025706	0.4251793212646711	0.398262830843332	0.5768096649756801	0.568237014378072	0.6591735209466769

0.5143498191070259	0.6281658658794398	0.42378135894759605	0.4583356307992078	0.5149793112029442	0.5846420678750698	0.45684394685653085	0.5530086270188068	0.5042036306512172	0.0	0.29678925187103855	0.4898730871288981	0.42817608283046815	0.546856128880993	0.5277759200617187	0.5997159281839747

0.44100743403734255	0.6553265750285037	0.3595084980558109	0.44163936173341367	0.31917308871671696	0.35623729563975637	0.29552586815412163	0.35464024123351234	0.40595297742689584	0.0	0.31238124085419916	0.6042823797416991	0.2695862556436855	0.40306247248496296	0.5439380420536912	0.6060536649828743

0.3342572958867184	0.6415006175649305	0.5282907474979366	0.6626959653549702	0.6655989336054811	0.5986122991762902	0.5472808401553704	0.475925374016711	0.5606953708892016	0.0	0.37966405072641884	0.5222690959054431	0.39395293972230105	0.6521779391106097	0.3266434420132944	0.3292179296958465

0.4649666322251701	0.48793026516419963	0.3619572247498477	0.48272702188367456	0.6028297635813826	0.5765441254861594	0.422639663727578	0.4274601087839037	0.4377977560904269	0.0	0.23047871216285198	0.3893038481180038	0.3087835862521606	0.42716000111947194	0.4764252194321398	0.5468662609411004

0.4027099730682099	0.6488281390605974	0.47011661728329734	0.6417456879243706	0.6380498242028965	0.6106963134041228	0.6032888325659208	0.5129421054115366	0.5420784580730553	0.0	0.3454763947216882	0.529942975693442	0.41562134354321145	0.5962912757295915	0.33650497974104765	0.3309020571028316

0.4105759653920855	0.5630051056054803	0.37089016050571	0.5125641004448038	0.484390929869475	0.5916636359531963	0.4419997946133244	0.5307529484122315	0.42433323757658503	0.0	0.2829585830690567	0.44979965705534153	0.3292291318918944	0.511938607058587	0.2732421369842031	0.24690109013600767

0.41457937594799704	0.6027062498013418	0.45989752016165963	0.5895283489490665	0.7369041608965265	0.7373768705433495	0.5304688106145146	0.47848099369598135	0.5106255941889679	0.0	0.3391176841259773	0.4831052704663339	0.5346806653015069	0.5866141718092075	0.2825806290604489	0.2869052673770299

0.5002709314556486	0.7140440498679902	0.37365350111606943	0.41272794107283906	0.3730173929578331	0.4138731122700122	0.3882911998282431	0.4288421080000523	0.40950623387826374	0.0	0.29459184252883575	0.5322282286144155	0.35592541646527687	0.4468784848966648	0.5315615393814221	0.6039600735476365

0.37595586372810763	0.8034583414655437	0.4988541179304833	0.5824897083272074	0.6161123763417662	0.6570116905302164	0.5728718480679907	0.5709851972751193	0.6163970186231911	0.0	0.46730308011571936	0.5996442328677313	0.4302138867546058	0.6008551105590537	0.3616274942103267	0.3475857462337153

0.395070090937273	0.8004311085583856	0.4853129360053171	0.5584172960216751	0.4894038194600044	0.5352312562183907	0.46858575653560375	0.5066757598247627	0.5247687280076981	0.0	0.36760014382002665	0.6505016538501058	0.47845594802608027	0.5347775844876347	0.3189131550210319	0.30225843723618295

0.40245415021362185	0.44533662845412125	0.31868127385081324	0.40625290528135605	0.36813266893097674	0.36335626756429573	0.3544314940284486	0.36019589882436853	0.36921451254522797	0.0	0.646510186522382	0.3507514560976147	0.27371324484885895	0.3216703911203787	0.448402797163433	0.5091395720619525

0.4489469429140629	0.4844109288987256	0.34424426792734497	0.47703447061792736	0.3732882838911938	0.43348664244240814	0.35007464974662833	0.35586554732842507	0.37282586126029144	0.0	0.27124887720861324	0.39972001557765113	0.25389853205261576	0.3805410926670344	0.5470877650642212	0.5843189592813618

0.4664449000592802	0.5964649293221705	0.40292373213386345	0.5394295083041399	0.4058068237421628	0.47393524773771495	0.43685617166381285	0.4532010143453	0.4709877378168571	0.0	0.33783775171045105	0.4946572059015598	0.3155989947781087	0.5188545394951849	0.560159014214851	0.5914242451774662

0.3397015862702758	0.5443257323687478	0.4043692621661038	0.5036822627422264	0.3546691443580622	0.41467455768179123	0.3208981956870601	0.43093598541159267	0.4407241998121404	0.0	0.30199700477110725	0.4759540753782679	0.40054078360126844	0.4501385471792151	0.2494540894871573	0.2164593659128134

0.4596379351877138	0.6745584018367915	0.3916777087344442	0.4528854741413499	0.42099071015180856	0.45804362887053945	0.396305036825501	0.4026374125490537	0.42800509636219153	0.0	0.3158483887963872	0.5078778666205218	0.3319592364509525	0.4462675653377858	0.530170908141013	0.5847055483516644

0.2419308191115087	0.5738007671217766	0.40520499695506607	0.46986667193259046	0.3894306765359943	0.39504201836459274	0.3481263683791107	0.337436834561771	0.46079334507768116	0.0	0.3568622597329122	0.5757688914632564	0.31731453951464816	0.4392399961289827	0.26955455012689084	0.23399960032756084

0.42404160766789156	0.580796219659095	0.3911019944484909	0.5367837193494526	0.47176355991725927	0.5009185409357612	0.5025555164694581	0.4707712884549002	0.4434968228969234	0.0	0.3170152673125922	0.4446375879423822	0.33856679453494476	0.48120461979545986	0.5373191489681781	0.5517784280588209

0.36891621818679193	0.7282512849300745	0.43327773188032886	0.4874040193293043	0.4131986886418323	0.45903685532940214	0.38947402561993494	0.46645098089211234	0.4575178115253806	0.0	0.2982590551396189	0.6754310232540649	0.4189241564940205	0.44823345033230266	0.25513819531741627	0.2432773640566316

0.3139267033638218	0.5914670301835498	0.4388969883294865	0.5908271171283027	0.7182110275945404	0.5639938311268644	0.8255765072872865	0.5041684200580686	0.5304358535339389	0.0	0.35584533152499775	0.45837549305728154	0.3576167992448036	0.5599167073591725	0.30824615377335296	0.3233428156850229

0.45905426977328845	0.49696093233044936	0.372162242015852	0.44694456448025943	0.5004354442929324	0.4446572162442514	0.47091175781654887	0.41825947201894303	0.422086846658176	0.0	0.257837818817153	0.4101877931231904	0.30998459932389566	0.40646129186041413	0.48313942280792654	0.5614852798656516

0.3387519532907595	0.6721060834567231	0.47980482573632	0.6014213496070544	0.5677524713924611	0.5388817204814658	0.683217854061866	0.5154245386036231	0.5646165154339463	0.0	0.3725381755857993	0.5393825722371198	0.43399587958036606	0.5970473703949013	0.2893570775470855	0.2876522168844714

0.40144788543601106	0.5654732085686901	0.41205427157700625	0.5580056969945777	0.5273751392276614	0.5850413285852321	0.471396531084658	0.7806563756697901	0.4664979822561941	0.0	0.26568931707496796	0.4314390469824097	0.39013322574179543	0.5179329296237689	0.2692336299913502	0.2603218732974545

0.5006911432911463	0.5774295741060163	0.35697028571203043	0.49107605094600676	0.4400153414353621	0.5260658127503466	0.4993155956726991	0.4832742572904019	0.4320132721622599	0.0	0.31306604162868357	0.4624702514131596	0.31305686101594343	0.48805539271093024	0.5798595852119319	0.6017439250458004

0.45399719482861456	0.7015746447486768	0.4765517117529773	0.4927292967042255	0.5388649532090647	0.5980575594345149	0.4931817865786351	0.533611642856088	0.5211540262785008	0.0	0.3531692998382436	0.6249357201543005	0.4736009863886638	0.5623674217584657	0.34418686120374226	0.3221136307293462

0.5317462261861672	0.5806030258353723	0.45122455980012366	0.58462446430902	0.5263687104920544	0.5452857794806432	0.4784183892084455	0.5189000086942015	0.4939121977358474	0.0	0.34401674610800037	0.4461213281001213	0.3614261464438575	0.5318035691543248	0.5805153934422719	0.6065696553779613

0.3429416536762482	0.5395072143416663	0.4223820439020441	0.5113651868251406	0.4275874007926713	0.4759199843437557	0.4197351057366449	0.48177557617148037	0.4695977394262638	0.0	0.39550692311964997	0.43515570390931946	0.37529214613321615	0.431389032412816	0.26444584984628905	0.22531426349702333

0.37342287525839557	0.4424257912066837	0.3537052544252939	0.49081244860366113	0.3890944773055628	0.4411176549114619	0.3804757920483681	0.4850403684915434	0.4184811502325493	0.0	0.2611239578655484	0.37829771566608705	0.3221026240625753	0.37241369343477715	0.2736865297278917	0.2289662981444674

0.371221940495318	0.5793680840234209	0.4660217108014165	0.5478465698711039	0.5602079671988214	0.6174549239834701	0.46929305429064894	0.5694576985103394	0.5105398623680093	0.0	0.3525580812520566	0.4534773319149944	0.39791936613700996	0.6215032510747602	0.32591828441248427	0.28638811467151876

0.304280754856994	0.4591423256145774	0.38201674250244966	0.4302109213536641	0.39869480463401596	0.4448287916568774	0.4234878133422665	0.44861319969215285	0.409735076011582	0.0	0.2804511027430303	0.39127223012480444	0.30812340831754587	0.4384858133429868	0.2295673162554434	0.19936587688806545

0.4228568399354309	0.6318438049308333	0.35270731667665906	0.516348013290941	0.4271900634743854	0.4391864608859636	0.4023879954865175	0.41520143677509025	0.4071974233521223	0.0	0.30096721208465294	0.4485290486686604	0.278498223476438	0.4658805030898646	0.518561175080029	0.5708911314991001

0.38446414500339143	0.6359105770891632	0.5780843885276757	0.5567495305127838	0.4127808962978423	0.49157225581315506	0.3930191972842572	0.46473438150211654	0.5350399202061773	0.0	0.38134391590699634	0.5583850506548502	0.4720476639524298	0.5127194057969249	0.3152407428317977	0.2740545709466895

0.393835949583475	0.44931399930448684	0.3296526620127717	0.38152262641339885	0.2693925301768274	0.31712287722970756	0.2557745456002152	0.34820431790334355	0.3261491998299324	0.0	0.5744694818088238	0.36748491698246777	0.279524542897362	0.33923352178832855	0.42183021575247714	0.4755264356704349

0.449400709189803	0.4825601103691144	0.3633000622776081	0.43623737257234496	0.4306578406190526	0.4215141152021977	0.38222235098476504	0.34429964319821404	0.37325875786296836	0.0	0.27559329285889744	0.3881841279140521	0.27226407233470096	0.4509934550515301	0.5558721294608683	0.6335551154740373

0.29789655819692545	0.5829232542538556	0.43188670281568975	0.5065427580195413	0.47187730831377006	0.513838977726585	0.41670654285675723	0.42083567026194574	0.4644490479275385	0.0	0.3313565995886297	0.4554468900120069	0.345786796497613	0.4982015840778229	0.2646964033346139	0.23509744642123281

0.43242803378688455	0.5590207738120063	0.45785498965326576	0.5064412034826994	0.4680517451174515	0.46404344644658624	0.4229149138471352	0.4868865392408128	0.4346732975532017	0.0	0.2690561135279849	0.4251949511813524	0.37341865938135943	0.43447580645453165	0.4552024855412682	0.524312402078264

0.464549370713908	0.5851499488456705	0.3415115218030998	0.4472122756660295	0.40901963620523635	0.4216832666486062	0.4060526929665602	0.4365925128952474	0.40249533967702866	0.0	0.266911128023059	0.45134042064164165	0.31971112209467295	0.4215388311994611	0.4783792465953856	0.5382849064674422

0.2709064855940362	0.6069142491157786	0.41964768970701216	0.6296912588057151	0.5228487305760174	0.530152974705922	0.5117923793450785	0.4359025457672431	0.476006028737605	0.0	0.3406692229687157	0.4790324085691603	0.3324722217569701	0.5493633727298768	0.2652676726731037	0.2672645968640986

0.29609863900481526	0.6026443405777351	0.39622792765383863	0.5122849413361807	0.46169698054074304	0.47843593129992645	0.4484364586703108	0.4172834460027792	0.43576241284739226	0.0	0.31056045183431924	0.45613485501164186	0.31681132256622613	0.5170289677945085	0.2844142856656565	0.24256271129172674

