0.6837756605499765	0.6510490261837879	0.6366442432975099	0.5013279578132329	0.6261330246283787	0.5883944399996225	0.6128242564021196	0.3916809333758985	0.5696699483843762	0.4802995889820115	0.43207063519916056	0.5003709666841688	0.6312879961498561	0.5336284937495448	0.4782629402036579	0.5336538636750224	0.5677197534047251	0.47841943304176127	0.42702029907406436

0.5436337882287618	0.5742110578072676	0.7995479322067741	0.5634903919160518	0.5117256986604568	0.5133509942343383	0.5288663514888899	0.32362376739166704	0.670860132985255	0.5411452441707258	0.5912497065745156	0.5236547593685639	0.572969503084267	0.49333001470139587	0.43586358157223337	0.4573731799367471	0.5001220668124438	0.39992691305518097	0.4335320365486776

0.5462732141394582	0.5301254252554175	0.3634847474363433	0.4215451749475997	0.5758425239594898	0.5809945294081003	0.5143522496073207	0.3792402639636263	0.4075132127674185	0.39038279661813025	0.4704145266095779	0.4167684037717272	0.5973836557722281	0.46811012703645183	0.4671096717718042	0.4339044046578743	0.5934859059171387	0.4238623240773882	0.5220439992561199

0.6409671575405156	0.6148053796042998	0.47895677800647796	0.44022315094635395	0.6143080904650905	0.6764238028630807	0.598445289796335	0.4268352189374836	0.4777464421374345	0.48541086138418577	0.48934361584327557	0.45584370438216865	0.6542901277913873	0.6536529789306522	0.5476754804200147	0.5125441541932476	0.7423563901320431	0.686343917370196	0.5531898852360627

0.642352485890967	0.632178481869218	0.47665725179628904	0.47130636301521533	0.7006066804337658	0.6986194959693016	0.5924405142721703	0.4275184977069773	0.5110084229810907	0.4876516460238146	0.47937324360872496	0.5473681141849418	0.672803340013965	0.6666280204855197	0.5932458042271205	0.5059814845911834	0.7003932533813386	0.5820971459646853	0.5326923475186797

0.5579834072875756	0.5308395484700069	0.31804897608437055	0.5043750010473522	0.5916445152231244	0.6129220929721049	0.5368794293008963	0.4587198741870949	0.4634930618014641	0.5515127409553804	0.47403901295162437	0.4672034632001678	0.5156211500405622	0.5780175351337391	0.5606214946626369	0.4309612537414038	0.6641379900953492	0.45896221943516613	0.6145497880581079

0.3431626586088508	0.294273442163984	0.21798630453627557	0.3177715136353931	0.352046302304229	0.35007212243382213	0.32063075972377236	0.2488312070238379	0.2629244942404256	0.28257943931802004	0.3427957874709857	0.2825297211629813	0.37497429483352107	0.32661274413519936	0.3032742198913295	0.29873976853989637	0.37109088351188335	0.3069830023996722	0.3525355709960817

0.5118026371907842	0.57786602104989	0.40516777835406775	0.45338830774861894	0.5157345484369207	0.48992414296036657	0.7695567146137183	0.3879570623998503	0.406213092467819	0.4987489874779226	0.46804388204224384	0.42379652907551973	0.5694401510229	0.4790059279583292	0.44267719218044965	0.4517738360855026	0.5131130991018131	0.5118745941386751	0.45316961903910913

0.5567762340141004	0.5541311100071942	0.40998927190728357	0.4253319718180519	0.5651325844495617	0.5542183477705859	0.5365548916352506	0.4022330974818181	0.39804974043568203	0.41346012741951027	0.4278902168204634	0.42722957707164694	0.5571491440965591	0.5284168389313311	0.4897949965926421	0.520240905766717	0.6205074205528391	0.48290344979856914	0.5088626356470114

0.5766559813734757	0.5562338010042474	0.37350785685011845	0.434780896847148	0.5819070383886438	0.6522283094446465	0.5344015827469466	0.36497783896762503	0.4306938453188801	0.4072885146050818	0.42813473296754934	0.5057673668069644	0.5426641211267065	0.5974021967577439	0.569421720247451	0.480173917464756	0.6507604337153072	0.5038768359532957	0.7274744601103827

0.6376828725283561	0.6291347445393345	0.48535475738612266	0.4486212520285484	0.6167098381154235	0.6028024264727279	0.5803017877507963	0.37280457189382177	0.42364191818836344	0.4446434099221619	0.40229565695387426	0.41634660657718775	0.6801123134459632	0.5870595382753659	0.5461387942036442	0.575858411872813	0.607949364102566	0.3992431454511757	0.44756797085910505

0.6442632159224075	0.6278643309996965	0.47987328931891776	0.4984530621093479	0.5683088591642331	0.5974126817552499	0.5683660994334638	0.39853541048519614	0.45626561320441195	0.488780095589031	0.4284350609632078	0.44033528857054294	0.6632177146315497	0.5811297376627538	0.4580073050956053	0.6150174975418925	0.6064124482959141	0.42181362476912115	0.5652872350831268

0.6041438620493906	0.5933933523510225	0.40221984329921495	0.4653569266784905	0.5656213420497898	0.63043308621337	0.5424067436863345	0.3814561444392107	0.39925601311770215	0.4603076843247246	0.4842314197593609	0.4132643778693138	0.5916523344271609	0.5581319038768964	0.5410369729596467	0.5649437374949866	0.6508253022413433	0.44947304781654107	0.5735069603998939

0.7317481935335339	0.687199841846377	0.5716650078492643	0.4921426617081075	0.6358102139395625	0.6614902947461546	0.6544050938282796	0.4347461872239087	0.5662508435294722	0.5268574608697323	0.473558737036353	0.5240710746195897	0.7447511112234677	0.6763076287814482	0.5946773838037154	0.605351813965358	0.6359873158139966	0.4909796172664795	0.5602507395841736

0.6666168040477753	0.612089830210554	0.5063569989170567	0.47992111947407984	0.6119824072680153	0.6637694886440472	0.6581852541692476	0.43525066315556715	0.5134882782558661	0.4812189409588595	0.4418156358491281	0.5282535460887937	0.7198241830039785	0.6571534238630492	0.6162844927169996	0.5887727979787223	0.6419585000474903	0.46391519435645756	0.5236337112335123

0.7078263818803008	0.6569791809734373	0.6223241100107975	0.45293080699914634	0.6522306112230373	0.6745475067509976	0.6586455003615	0.44056218163564576	0.47459766431333605	0.450164588549246	0.46301831218929584	0.45487236615643795	0.7735326582128679	0.6413887809301986	0.5202656376174771	0.6255856475264454	0.676234282595486	0.4471018309932936	0.45636033720525215

0.6816025555616723	0.6151703949669862	0.5093226089733973	0.4553011642220032	0.5921118468225267	0.602236563164835	0.6079784436422798	0.34074872692272645	0.4819273477230007	0.4307554773007541	0.46075298076930293	0.44675438757375663	0.6538478682693902	0.5233386488030615	0.4996161176667794	0.5357556056222932	0.5888007866565079	0.44417854230830345	0.5064776831127024

0.5610318436136488	0.4572918109311308	0.3502271474637041	0.4190361818628857	0.4954829274824706	0.5503364533050676	0.5298379854032641	0.3746239175391706	0.43648417321929833	0.4354098239137919	0.5399897774742042	0.41943348830026705	0.529755184449128	0.47354602631589177	0.47792318934456096	0.44341018259705556	0.5343890862146312	0.30153870043817155	0.5276453054418145

0.7385416931610296	0.6305407618272301	0.5142789490162123	0.49719337580053613	0.6278342927559786	0.6088569111394369	0.6432836180701309	0.41431360852569876	0.5389499372488178	0.5116720203444414	0.5195095955913572	0.48894967741594286	0.6378306401474674	0.5730196575996231	0.584102013727787	0.5914349795589476	0.5784586847371063	0.4839788632758298	0.5414703357231139

0.6516248804724668	0.5519754058545037	0.4451927938193791	0.4989103166495993	0.6524923115490077	0.632442562602165	0.6420252060646459	0.46930345915070604	0.5127654076074984	0.5514350358677866	0.5214495214788262	0.5225341064634278	0.6700816571127995	0.6094389551826249	0.5289582295045884	0.5274217882792804	0.662619446168853	0.4564806908179274	0.6123175004654207

0.7025349000448133	0.7190904083663519	0.5070973519520676	0.5239043236427741	0.6439498175769363	0.6204029770836545	0.6422692399655456	0.42393051834987006	0.5498672368549747	0.5136982639145025	0.5042828905684309	0.4926940160851817	0.7024076363194438	0.5918822802250107	0.5446418312412498	0.591567617946524	0.6207502357454513	0.475883976077513	0.6143744889569271

0.5998069515823508	0.5591491574952212	0.3954730296108369	0.5314339568047495	0.6010646268014053	0.604825643616666	0.5388305537862728	0.40325669138963316	0.495779414318288	0.601225843018244	0.4959165795698216	0.4801723816503708	0.6043780010591002	0.5571754730427676	0.5034557405824529	0.5332242990780874	0.5970596291220864	0.4566768931155373	0.5974406304828016

0.644220709856169	0.588053784728289	0.6304601057168924	0.39162868144341734	0.5728256877862812	0.5957204737311472	0.5577271521482203	0.3629899419912469	0.5113516374381678	0.4196544327111987	0.43726908187740365	0.47338287200805135	0.5473496244426554	0.48424453748783675	0.43435629076177273	0.5440867208576713	0.4692167392194461	0.3133986990864129	0.41859482434733725

0.6686015561747547	0.6204881270951095	0.43492970879565773	0.44114272588065306	0.6228794945411411	0.6941542324061769	0.5652699357313213	0.35708145700875105	0.4195789776989022	0.4152973059467193	0.431448407464598	0.48493599398640275	0.6480870363015198	0.6904000669272257	0.5374380856212457	0.5634005284469883	0.6482803193340367	0.4680077273141485	0.6624087918731966

0.588387928289831	0.5289703673058799	0.3706819205915165	0.5478794838205174	0.5753235350266739	0.6284725999527967	0.5225941288579304	0.43206697252712123	0.48579321035074463	0.570756513987448	0.4897597578240216	0.4876813150883481	0.5563146553317472	0.6018689390702668	0.5427304303866525	0.4696645277524225	0.593680956235725	0.47614748448851724	0.5544852350429437

0.533631160719989	0.47361172025904796	0.3354560332826647	0.4521068145956156	0.5142589083143622	0.5564027001259714	0.5011258557490424	0.4423349732034426	0.4536380905396976	0.4671952014879317	0.41242235020656115	0.45084335753533694	0.49306252604867246	0.5303959117293026	0.5281030419959214	0.4285702998359552	0.5839674726784653	0.36411762802854764	0.5061878002616087

0.5951207683918516	0.5982811792731614	0.45629184608027773	0.5222174162080608	0.5848353567627284	0.6101054909231329	0.5845572834866474	0.4150194522519346	0.49255863894279545	0.5383749159647467	0.49254100269805556	0.46773636995260637	0.6737704834173449	0.5377186543158936	0.49453681667894067	0.5535114483314947	0.5899287474938947	0.44227204905095685	0.5550357170991983

0.6210812597662244	0.6972269167056686	0.4001764540685574	0.4025697241955963	0.5030739577056953	0.5904927240770522	0.4696010753820865	0.3398369642418757	0.3789998578515653	0.35195015151458725	0.3745057013898211	0.3699978303607816	0.593110923983851	0.5601075532703593	0.46328878694450243	0.5256547920276516	0.574468069017555	0.3720607219539912	0.4565019655147683

0.4984497238396535	0.5146657172941402	0.436919296245298	0.48021761520996065	0.5429432353357077	0.5108965099795282	0.4991025778807167	0.3868767829141163	0.5175468906951852	0.5028598426532159	0.4553998845707974	0.4774544527790558	0.527563881693062	0.4975933438908042	0.49069481521684394	0.4148663835394252	0.5204367003122012	0.3359913287920433	0.49918650286189975

0.621150970764095	0.570894864939137	0.4566768800253219	0.4331265442806047	0.5792484402978064	0.5470472431611707	0.5284307230253835	0.4037831481795489	0.40134306509886936	0.45641008512555603	0.47948455610132623	0.4183188031360428	0.5904073420458376	0.4897490256813969	0.44485729593476436	0.5388130219402731	0.5636775062060879	0.4381547774633954	0.4199878529465346

0.48339744040673477	0.4487690764546749	0.35037571140541357	0.4889663230692634	0.54963200042549	0.4506705259389363	0.5166071042544631	0.3956018633387821	0.4639357468934308	0.49741259712695374	0.4600824117914418	0.4359737915820057	0.5076325932748043	0.43497318578110267	0.4703644741939426	0.4320926335582788	0.5161610934471358	0.44687014322457824	0.5508232161438495

