0.6558672352473623	0.24931577407318645	0.19854190499390534	0.21242844672019642	0.20593569171093423	0.31510822054138155	0.2490258044342926	0.14446801212359905

0.5813336358442369	0.25680573532957957	0.2677294250250501	0.2573524591556443	0.30438323208275225	0.3399637850206713	0.29543770092021443	0.1401584892975527

0.4121995728623161	0.3713431690947726	0.2881414101387205	0.3893482698528268	0.43149977379233495	0.6262996225558386	0.35087845944596424	0.24858395159885754

0.42081697060396733	0.12117868916101031	0.14120245020104547	0.153249591854056	0.1695420116552109	0.12068659838862879	0.15542431827611636	0.02891447548270715

0.7159787009076959	0.3553314152858353	0.31691916952074456	0.37633844052532356	0.4205823983865522	0.6146938776707214	0.37124936699413735	0.23347460759267802

0.3553137587128259	0.5010906877483072	0.40468497783828195	0.5296603429388564	0.4798215363826275	0.5110094370226126	0.3711139186103597	0.22489946689173407

0.4094156954268387	0.42752829308874135	0.30485196212074356	0.49058331960761636	0.5570287963308538	0.6017239124054126	0.42409728287105974	0.2344090032663946

0.3075788990382866	0.4363079498859144	0.38855939458807487	0.4544497539867726	0.4375512858230157	0.5300426516414145	0.36465624367329214	0.21948737258281917

0.3302112807706509	0.25710863661068256	0.22475484382981087	0.28462558857828646	0.3074494177960912	0.36823414553226674	0.25419356449904246	0.13151296972063786

0.39566916283536185	0.3271428519475414	0.39327050680371206	0.3564283177560035	0.4096491875407146	0.4687183006897666	0.4239513103394127	0.17839120110802592

0.3822234631868224	0.3497452092152607	0.40025500778741985	0.3485712941897178	0.32554643823818963	0.38831303210173457	0.45341409244995445	0.17264822449700395

0.29666979395257015	0.35063689847797136	0.36912895643866006	0.38418196449920783	0.39043536816082103	0.46112609201456806	0.3950762224862855	0.1432648690757176

0.3932135818423082	0.5003299983881146	0.4446702417307315	0.4481795988274282	0.4781726490300322	0.6644196583778677	0.4579493299756595	0.2586182365368048

0.3301003684903131	0.5123195785817887	0.3128899373714272	0.4514931802781781	0.4336655106940416	0.5467419455417167	0.3692565557468573	0.328349576864912

0.3759228802852611	0.442640343704363	0.380519254835807	0.4800445078932547	0.4437560229251578	0.6106899949140497	0.4503467987739007	0.25015470454666866

0.4032795814097576	0.40925248766370437	0.3378166283580494	0.40187470479340304	0.42163878221269807	0.6470196449336854	0.41612814627023076	0.21985277547705417

0.4514693301824808	0.5093349552304355	0.4994919070187641	0.5056509179606664	0.5724338332097955	0.7320873798496903	0.4025472780731807	0.35924802074052287

0.38716263558621955	0.5341127302729353	0.33609475057235183	0.49417085520660087	0.4673148602890632	0.7331838185609487	0.5151743858803411	0.36224359084012714

0.4465169907381469	0.4515878535241308	0.3744118035927955	0.5045251660521706	0.552452066943528	0.7417522424084418	0.36594181954500665	0.260206896426351

0.3442060991692093	0.421390759705772	0.6023658659633402	0.5558688903254654	0.5202954292586561	0.6085418123529863	0.45886948038607683	0.22795045869053004

0.36170001192765705	0.45743790196535006	0.4065584553178566	0.3908688055850803	0.3992953863607306	0.4700787389361294	0.3813710981621652	0.194471161137712

0.3388633700706445	0.443779946297181	0.36960879584079664	0.41508505183808586	0.4012483101379468	0.4889492141184825	0.39091133500808206	0.18886011372129363

0.47064667383241165	0.4569986402947994	0.5653926235838749	0.6401187136367279	0.599235394161427	0.5457674402067686	0.48497764424200396	0.19537190902959845

0.31906635035527475	0.5128834001889404	0.3655649941814171	0.47570859376579355	0.5007026625726088	0.6033067550599618	0.4210926480462962	0.26540331280031493

0.45211038564439865	0.42421822654350616	0.4125520923573989	0.4702315624036113	0.5065616890121849	0.6713906811901491	0.40114861155704784	0.20986619568852785

0.4473076081920633	0.4028968256771891	0.5271466424894772	0.5470191170607979	0.558499874962302	0.5357571080558776	0.44971301426564325	0.207138426241857

0.39452446761754323	0.4864411465472761	0.43967840890475063	0.48325191062196804	0.49522716953889623	0.5200815258258968	0.4357609063514093	0.18778803809011324

0.36747711186223775	0.4235203931052728	0.6081275378956508	0.5644444421447814	0.5393477634146293	0.5790837710836908	0.4739295476634525	0.19688801598003264

0.2999516933043259	0.5033071391042608	0.3816790008227072	0.34685984805145964	0.3292590134417354	0.5259464976039587	0.3360264807593185	0.16045380171360593

0.4241651212808307	0.4650433761943392	0.5946985008829635	0.5657185171301982	0.541640833939361	0.5878671092613502	0.43959325021813583	0.19324455481787173

0.4375739139693329	0.48950141602875985	0.5804359911687966	0.7228893535715742	0.7626388268726985	0.6643704600065292	0.5035454324896841	0.29947119094223007

0.4730252228900111	0.5165507225132602	0.5634917717575636	0.6931716808889017	0.7159435491480735	0.7809531890975381	0.49872215099770983	0.34585483065516387

0.4260484852358406	0.4044441857979678	0.6052855432405619	0.6223541876504601	0.6234174263005254	0.558341136423196	0.40279069134715095	0.26567434777367815

0.34092850220307647	0.34020519374912717	0.3746514234740913	0.39733498966003844	0.38123902770879636	0.4278039218927303	0.336109606092914	0.23432241376463736

0.36734293716773825	0.4211290164770026	0.4213779729730939	0.39076178335219586	0.425446379653222	0.526252135280145	0.4374276231108956	0.17028447199203953

0.69658371390766	0.35025014400355825	0.35261327927879715	0.3238869972107835	0.33313405137503505	0.3430414299122925	0.3295172652281501	0.16672893546806622

0.74047563694154	0.2948840707048669	0.25776770907443936	0.3206514549752329	0.34641518422731893	0.42777542370890037	0.24977361280466887	0.19491129888243253

0.37109387546699923	0.2842079463114854	0.23036069955722108	0.2995122625226928	0.3293249787929545	0.43030071656614194	0.24411354818525563	0.1916857514635717

0.28541016392679636	0.22767974688623005	0.2590271123252239	0.24618664381526514	0.24469889358347893	0.30347507857581824	0.2693145092989766	0.1361660328583018

0.5274734169693229	0.5099395009570801	0.420834943282848	0.441255185527172	0.433428679947497	0.6355437517092533	0.36246515608082275	0.2587516621466032

0.44653327213950833	0.4508242750092299	0.3404000948220858	0.4739752448969194	0.4427128233606687	0.5297275012566416	0.3929903158742664	0.2157748993786475

0.3470349453189481	0.46870750899599545	0.39790488448677164	0.40138757473960723	0.3917968545102578	0.48532257297829784	0.4574329844234662	0.19830886391184638

0.4167312600479611	0.3753090939961584	0.3503672870234058	0.4420558606649461	0.41306961420500066	0.4493265004908139	0.3042355193974264	0.17724261713635442

0.4691514917045346	0.47050881958416224	0.3981625368834081	0.47801650826740094	0.4502002913671983	0.5213227526528433	0.38728288808344846	0.22722374322443842

0.4894259673543928	0.45802698455537616	0.5773655899653066	0.5669755445938505	0.5056951407307873	0.5374644660228876	0.44604135554410157	0.2196842720191399

0.41039573043888555	0.41013001108815894	0.5586553321043707	0.49210807247413524	0.4833626441539011	0.45160147790735117	0.4381553647646511	0.1686888423721004

0.46163279120049666	0.41101392274219967	0.5629298004216301	0.5240220057396925	0.4705686159518753	0.4603015853952085	0.43615903362517744	0.14478291347572994

0.3309477546341727	0.3661979749128424	0.3516300389900589	0.4143694582213089	0.4106269361587572	0.40774384933283414	0.6050190827007595	0.1555174324890337

0.22938684474198423	0.2859597382070714	0.35894391370894213	0.41466746412025224	0.28562447150017184	0.27940554226410474	0.24665902618541652	0.06890130464454786

0.40642234670949123	0.4065004871991805	0.5357657306219582	0.46466214512104986	0.4301193502168541	0.5266680771657207	0.3971877275422539	0.2122100694030184

0.37957285030112164	0.49152125390826573	0.5118840274291806	0.3979589843043891	0.4472734380153399	0.47777625168738896	0.4241933566994257	0.21478843282359722

0.3591516668669085	0.41575780240232685	0.4843006670004656	0.47503499870981847	0.46207962578683714	0.4238370547606134	0.3289897981575819	0.15721689975533124

0.3530722571917295	0.36089279957113224	0.4381437775302941	0.45421438033689615	0.43539539930375404	0.4580709285392076	0.32312622664895296	0.18482184862391743

0.26270335966440417	0.31989971060012534	0.2663718494018733	0.35763380344208995	0.3354532376262714	0.3855385984330941	0.3482122069177717	0.11785866258207217

0.34943199401806857	0.4316479989804762	0.40240097528208285	0.5053378973821354	0.49340696113433236	0.5187109792751108	0.4278695455487362	0.2009118980585489

0.34345009581238783	0.4248981015903107	0.6135804085118507	0.8116387534066571	0.6481620343600614	0.424518712285889	0.351765207216032	0.18020552095739242

0.5061451757084776	0.5083345889540294	0.5834372489428765	0.5598399328780155	0.5652333497841429	0.7144377855439528	0.46631487237226166	0.2708475272607389

0.4165952955174117	0.47537323954239885	0.5797752191379931	0.5764608496737289	0.5327249210613516	0.654441967683203	0.46600271815946964	0.2675710671821365

0.5220599692739265	0.45818882428520885	0.595911868431306	0.5199862585539016	0.5529251015953204	0.6127335782326533	0.43702996390836313	0.20688345354992463

0.3485101492664806	0.4183497218258464	0.35797130239216823	0.4516926982206983	0.4323639486143964	0.5059115815767303	0.3843206270647467	0.17885403905797914

0.3356234156496597	0.43662038395162356	0.3605937158094684	0.3905460252333037	0.5533817710554012	0.47654532955106704	0.3377303167438972	0.19211775236990344

0.3507357061664477	0.44205380650386306	0.3688533785641228	0.4042650427982214	0.37850381020335677	0.3948126996238067	0.374459198607945	0.16765744410239186

0.2622733889325586	0.32385348392474145	0.2721877877617652	0.3314861456668276	0.5639428575048533	0.34435268265081004	0.2380041902127544	0.10712802733375754

0.6537648004465189	0.3329431763547547	0.2847683442012944	0.3397087652746923	0.5740155184628076	0.5304852229402325	0.31822632095950076	0.18048088659586575

0.39447181224978645	0.3527092298731145	0.4098778212316804	0.32239709111379733	0.5571019155981998	0.5243740385640385	0.32049853745041157	0.19841053864025215

0.25478842355177056	0.32626464294535373	0.22387312947465976	0.2858053076471999	0.5394290679299201	0.38557556254847647	0.2724499347726578	0.17022810865653526

0.32464157133011906	0.4220382169197161	0.3183645445342789	0.4048035217796355	0.5634330287655942	0.47981220431123917	0.3677809466823069	0.2617424233886966

0.1540238616797065	0.31310413923872077	0.31526336268668365	0.4029434765936557	0.5937805960196973	0.3515450071369117	0.2666203551379352	0.06892291218154972

0.27000531376665315	0.3373007250822325	0.4906806962409027	0.48018769594462896	0.6753592598052989	0.40835230452820703	0.4014312538290638	0.15272288053406805

0.36377599278628825	0.432841664736067	0.33965368735875284	0.5956573613057013	0.6793342072510611	0.46750098934484197	0.3958032307662986	0.20043209532421757

0.3091435233652712	0.36077090697599623	0.3129730181046363	0.47973353083364134	0.40388523034703183	0.4216298084976332	0.3041443669191359	0.195071677021406

