0.907963434859635	0.0774965179428408	0.34624783802238995	0.3369013830521823	0.19893395268034791	0.8964153141895173	0.7457993947202344	0.8176900085320393	0.8993697095182762	0.6660200061826587	0.6393206753659736	0.7715976306600285	0.781709201831553	0.6423953335011139	0.1347834362018832	0.8047071348046181	0.7722158679457765	0.9099664625209092	0.8250137272876628	0.8043633773370265	0.8085219142029603	0.071905550398482	0.8883715228037423	0.10588899757648212	0.8127355012500037	0.8245940238999688	0.926749383612767	0.7766672725609065	0.7909667125349651	0.41077203821499186	0.7950292242082382	0.8657558479572438	0.8236443438873342	0.6648122492233305	0.6886533386240745	0.149462381995819	0.796942672864408	0.16737650682712685	0.8318681078896862	0.8335671840706446	0.6949921426480035	0.19779437230947666	0.7404411482784603	0.8051417217613672	0.7934522366739152	0.8794472740386863	0.8258190644526892	0.8038139311844994

0.42108373483202544	0.6923861218307634	0.6896295001506547	0.5352512206723964	0.4113233894328051	0.3550115447204236	0.42548222013852754	0.36115965779468484	0.43597969277911	0.3015645659133954	0.2570655605906086	0.2643839530951928	0.32524976200600186	0.19405634388669535	0.3159206891866194	0.2924816062779899	0.22759515273283407	0.3360415845985121	0.33329712611266366	0.38620981094272033	0.41974954915626495	0.18466329389762365	0.3473585962097972	0.27306085050165896	0.39085459284060337	0.3846282360088996	0.3745548320861554	0.42543020516555397	0.385313628729855	0.4649321405475765	0.3806926667268971	0.31272700827252914	0.3643265792381866	0.28317350901449956	0.26360744134977215	0.2925364224791293	0.2140244433676607	0.3983796451123832	0.3879562627892833	0.3874007180594799	0.19899246352993047	0.4733642696534656	0.3069340270062891	0.2127156263089247	0.20284760032647686	0.3637737620070929	0.4177555303347943	0.39927659537432053

0.4971792158192474	0.3355145639193028	0.5758801290058422	0.6316104695014857	0.5437094735340153	0.38275455551150145	0.5295489073911055	0.45394222186099076	0.49589879167989875	0.39746426652233285	0.3913463283295824	0.3146640046780141	0.3727357822801285	0.30748877005826325	0.5049977625449125	0.3434648890474804	0.31155264639120206	0.40200691637283786	0.44869513347755885	0.43102440623912686	0.4699466002067313	0.338459796314414	0.345480266575096	0.38919152508854005	0.5431763327612895	0.4289581732161889	0.3394186932124723	0.4989237054354171	0.48663014753614997	0.4930332826624245	0.446338990444228	0.37242043779424494	0.4277465305508805	0.4286927754033194	0.4166905700793184	0.420726541470367	0.3371109926162397	0.6037719132646245	0.42359185070351846	0.5072748637461424	0.33596813864728603	0.5453590136188374	0.4160639745427275	0.3165052470293731	0.2959519609347569	0.38507141924051125	0.48531012720949096	0.4799626616261294

0.5676069618185384	0.3068512464655066	0.4270629734515963	0.6313938730880646	0.5209143279152186	0.3357390789007937	0.4305051195718597	0.3905793820643769	0.47491124025650405	0.3247062222234563	0.3290021481682939	0.3186802894411251	0.2873249989460044	0.3221437357456804	0.510332501107531	0.34624287393589454	0.3376688301445211	0.3210881106151488	0.43525887502711713	0.4117389043151479	0.4167729622517322	0.3545252476817078	0.3400528078365081	0.39135027975668546	0.566678100751405	0.44738467336882193	0.36343766338679145	0.4877605517908893	0.4818341069134794	0.5198368972291296	0.394195276761826	0.3686429690145168	0.36511961360414974	0.4339706092827691	0.36737617903801467	0.3680239436190643	0.2920091395072091	0.4358621049273165	0.4149752131046676	0.4026614637340069	0.3100986375266136	0.5657222949092828	0.4305756454198807	0.3454452883250646	0.3123932271604537	0.40758645356811557	0.4817153631388519	0.42980047206073807

0.24647768120645058	0.19158944261776203	0.3277123993193515	0.3402370317167191	0.3607115756715976	0.28051121761045683	0.306149159461233	0.2668243248712142	0.2657862581164734	0.23881392047744787	0.23165191792116185	0.18503055399698026	0.1971215835209155	0.18545968379837055	0.29184953483370285	0.19388691254440266	0.20518960659647364	0.22499210775412504	0.2763124737999855	0.28170666695272983	0.3327931294757736	0.1893539370828903	0.18576902845347096	0.26975708445734126	0.312655381744762	0.2569170409257882	0.1888194147240072	0.2989770888678669	0.2425743014682793	0.2651025891063668	0.29246737872124867	0.21938491396746695	0.2685471999519298	0.23935897974453973	0.22666986915192558	0.28535649310450495	0.21734369395908293	0.3491270266536638	0.25227875012957557	0.2577471297566065	0.1529147380661892	0.291034314396934	0.25048017069617656	0.1809295150618741	0.17392490263163934	0.23182171758393522	0.29849080341527795	0.27223214111550537

0.21850296646682468	0.1387081143769136	0.2773566629223744	0.3629325021185699	0.37592173057053846	0.2006220260290895	0.2758650520819561	0.26198618090438347	0.26359519901440415	0.19666455787885145	0.19977954209242849	0.12568515116396817	0.18810109427688868	0.1265126945653514	0.29387749143653064	0.15542415591410658	0.1124368329524963	0.22411058141745238	0.21019862539489764	0.2057708863794297	0.2738540684100045	0.12519883886128916	0.17364053761556744	0.18165960948247045	0.2932274268998728	0.27134382255511913	0.1613814844475278	0.28241032254096365	0.28601554398146334	0.26161328426654795	0.22875599983076428	0.17972707352962378	0.23423785224320542	0.18674828829240445	0.22564447552872569	0.22192297130819916	0.1516195617204848	0.28789600648159264	0.23566291757333774	0.29215796362012714	0.16021585224480767	0.2971944715694337	0.20829687490306642	0.18037609051284614	0.1431238096202697	0.180540099426433	0.2762938092381156	0.2645231707403791

0.7266038340730696	0.24542654872737885	0.710537332421974	0.5496093931261572	0.4445558170481252	0.7056881916025759	0.635913161245914	0.6510595441595497	0.7296816495419167	0.5230599164921834	0.5066874981053597	0.582872797438135	0.579765601281603	0.5134727912240921	0.3221370141294667	0.5970360091259159	0.5592306451060453	0.7140519435233887	0.6418776473437953	0.6825101994716458	0.6525647240389125	0.2565640075268172	0.6977279016008437	0.3103709088950763	0.6761462402357147	0.6862826051283035	0.7085339175156409	0.5937764212303638	0.6403713037580453	0.515909164631743	0.6677155889407889	0.6835433551572787	0.663511397250719	0.5643094539775573	0.5687274197969866	0.4988256764956379	0.6483564261837	0.4162852998304683	0.6547481083540266	0.7026112176101036	0.5646354644342484	0.5521977920761716	0.6524943162411816	0.638671622555147	0.6319813110191519	0.6925976233747627	0.6858924935596784	0.6588727808906109

0.38036942492077563	0.2427649616272955	0.47031210533762713	0.4851931019176536	0.4738150324982897	0.32118836621389096	0.40237533399190306	0.32543874657015726	0.40861698462743407	0.4929419425634508	0.4769017010593251	0.2524125597375197	0.28336870564663724	0.19120665544282914	0.2963177791165086	0.28816051353104954	0.2068522249970372	0.30417660218910975	0.27969409656074024	0.4230464840483157	0.3638313538581285	0.1873040836100579	0.32366813264522715	0.29089044115619195	0.37852054033582083	0.39399482505581057	0.3725931020394975	0.35841972925863047	0.3284666342948439	0.4507465357562411	0.36471528653956214	0.2876198308990025	0.33490604912718297	0.2848536959804344	0.280832029327262	0.330552192027984	0.19247198495124157	0.35779036134603087	0.35734462139551243	0.3510654772243928	0.20033761489202553	0.36528966961588116	0.2826895642037233	0.21160643128811735	0.19224131215281573	0.35467733939941726	0.3859602354600005	0.4092152958161779

0.4067052564178747	0.18661698640789526	0.461613193093696	0.46261903543010785	0.38516125955249525	0.3386469456475901	0.42574074094368897	0.327114026002978	0.42659833452091084	0.2960129843797742	0.24854514612318843	0.26424198437956603	0.25351139565686176	0.19413402508408845	0.24642954571776082	0.2848716114384497	0.21500905959343813	0.3083336343425167	0.2860134838290589	0.42514443561535253	0.3582641803875707	0.19244853217829827	0.34748214847051495	0.2732010768405808	0.3641458447391415	0.3542887865083323	0.40225466907472507	0.3482511371034298	0.3553476705116647	0.4699615599475349	0.38630301215531226	0.28204759404292357	0.3549946386617987	0.2584783668309665	0.27848487605719097	0.3854231896203434	0.1954295496459733	0.3559896587856934	0.3434948886079901	0.3759712071238517	0.2282220091920592	0.34546750687604155	0.2680902262516235	0.19030158182598128	0.191067463124448	0.3611871786959819	0.38270191743450444	0.39210079893014116

0.25675664713990554	0.1980828899713159	0.39056411805702707	0.3793944657864177	0.43715675381137126	0.24043576924047239	0.4239667046123663	0.25750437906987456	0.2737947820742728	0.2163850278387575	0.2611663992983747	0.18162011296633432	0.19434542470468835	0.2088427455168148	0.25806833895825637	0.20805193953763151	0.154206386872898	0.200713381083688	0.22827920296752668	0.4159775709608534	0.2863772371236261	0.19121989870360254	0.2542395904971786	0.278502174890904	0.3228440180225084	0.2799474279768527	0.24585035845416356	0.2832854656555982	0.2886935673781432	0.3483144347978671	0.31905394853807006	0.2247011540599786	0.2818377439125256	0.279019270046134	0.3077664729995345	0.2936449954285799	0.20928187022137523	0.3713120709384372	0.28034300788171035	0.2968333913094423	0.221197477048001	0.36385851162198707	0.2913605240711664	0.19173214099305516	0.195771980915944	0.27670343881929077	0.3215690857087896	0.3147253906724

0.35494788693031787	0.30737694254160686	0.4715201022738058	0.5182088647097329	0.5943121334674943	0.3638899751927798	0.4945182077703396	0.41043949453736156	0.43988635379135316	0.3486289165678654	0.37650158106004417	0.2711150786358011	0.3233516698949935	0.27059025502898437	0.44547383959330156	0.29915647203034085	0.24960686187704795	0.34330723102988064	0.35147166638111355	0.45643932585442437	0.40392111830142874	0.2665144694111936	0.33089126994195983	0.4026532990876688	0.46837898208653783	0.4346018903516793	0.2945735661589548	0.41371677343691093	0.4176833449438882	0.4356849080379803	0.4126396225450809	0.3463439849071662	0.4042741271355008	0.3711989869771762	0.3949982898497892	0.44434680793786546	0.3296282702421129	0.5076197028242315	0.39560828733569	0.4316665537015675	0.31605861503171484	0.4290293231179277	0.38392440491494023	0.27411814065900864	0.28731050700376026	0.3375412085636361	0.43836693468895305	0.48271936437402635

0.6485202863001401	0.1937632629262797	0.338907638485373	0.42441603032834374	0.47688259973047514	0.6802402036508779	0.6312683417283255	0.6986519953137955	0.6684601374764679	0.5276824716516758	0.5950404593801583	0.6005439367596324	0.5975777795465368	0.6302061730922817	0.3875692458643727	0.6368433722629601	0.6086339582646195	0.694430020279198	0.645011201792088	0.6388019977335568	0.6902265110192787	0.22561386146964282	0.6618936450627061	0.2434959579103538	0.7472068862587566	0.7461407362996131	0.6481795750027457	0.6482102683136275	0.6668497457735804	0.37775843086506394	0.6367753184323925	0.6874194906446696	0.6466711458350543	0.6111050998435406	0.6339565085114566	0.2755197997232106	0.7154928573547439	0.34360874927444757	0.6507116505629491	0.6912424026139268	0.6150580213724641	0.4480989857807417	0.6903009144757841	0.7309814707405763	0.7199334558008721	0.6897045193939542	0.6671060145315424	0.7067676664963989

0.4031133805613854	0.35024251010655794	0.41146891566185545	0.5277182885719929	0.6264288964768592	0.32129442355498894	0.4165185600735626	0.3707751296189704	0.3424600012918009	0.3108515525376789	0.3259862674702209	0.29382468130508727	0.2901075463022197	0.37021474507527263	0.4185741696114318	0.29456063666392246	0.30467103620706437	0.2621358008072031	0.31539378617924985	0.38129962708882476	0.3895383882915799	0.2860948284761738	0.35119418341845154	0.3363219142788266	0.49362973417007583	0.4351066276612065	0.28295860066457923	0.42448633653766243	0.35303972816671036	0.4874663075134409	0.396093181386221	0.3097631184798467	0.358259634658503	0.3626916504467478	0.359186139254991	0.36087073750324244	0.288742904928211	0.42855380965797707	0.3596447155171997	0.38663317019313104	0.3119855667596828	0.5685143400318077	0.3712939155255237	0.2672395615451515	0.31784548823103276	0.3769334716006243	0.46087290013675064	0.4375180180786535

0.5105178019983693	0.22975451231629548	0.4878307930817432	0.5518070927379655	0.35260373758165753	0.4187841072687183	0.453948180841154	0.419515620306041	0.4694395653267922	0.36775756037919394	0.2312314229743858	0.3625379741192209	0.3454593950995648	0.22480164740481354	0.2601715253072943	0.3787184907092448	0.3183118190897557	0.4036421806563618	0.3826107024822696	0.4561907467674794	0.4082526639808679	0.2294634893799513	0.446102912970051	0.25801816767819374	0.4315021585246319	0.44046549547878056	0.49791241611981074	0.4486744903178349	0.42472723058947104	0.5531884097109312	0.4062347950655346	0.3955841642011332	0.4114258258686577	0.332341535503182	0.2680305283345299	0.34324707480116695	0.20312305070682643	0.38255505023516306	0.4444777843719657	0.41097267272158833	0.23681042459893337	0.3916787353312843	0.3142567887068326	0.22028397559843535	0.22670663006189723	0.45423092709385504	0.49854816990665074	0.42532666536245445

0.32776745868378176	0.2514043339872766	0.3509104496908505	0.4250949627661281	0.4252217045233909	0.38327572950676336	0.3532957032427323	0.3325459196937235	0.3233406207907447	0.2648562746198459	0.5514865483884803	0.2296195514212049	0.258867711016033	0.22988909532824084	0.3403459319246728	0.2596041472121362	0.16430641277145264	0.2943593943682005	0.30733144095760273	0.3014137468640168	0.31781900323293444	0.22914250324684965	0.25901774064176714	0.27137441651691563	0.3911467940182145	0.32200140192910254	0.20827417306232557	0.3431680643878446	0.4468690523719441	0.3132513222758948	0.332360060107285	0.34643796831978113	0.34423585557728065	0.2914291058095095	0.3356678811960525	0.3221534796850714	0.25208161190696654	0.38743840424925424	0.3474450320709569	0.38875589711514114	0.2606779024312894	0.3472349179054063	0.35742254283491315	0.2030572319558292	0.19339579776585178	0.25245420897206516	0.4248214311375693	0.3231486808433627

0.3460879042641969	0.27834079252818406	0.43293518743550796	0.4864607884482737	0.5498101497537164	0.31716846055409387	0.47177684673131737	0.36640092464169716	0.3479816123139925	0.2981481668582499	0.31563339105055355	0.2702466605968442	0.25719673952972977	0.29903778455013974	0.30932460441286286	0.302421321741786	0.24795367557648193	0.2576272702259096	0.29473476187073333	0.4389611161541974	0.38088962705485063	0.28636019975765487	0.31229041084582015	0.34289698244710964	0.3968546596371245	0.35428856437096495	0.28519713415623177	0.38987675808645295	0.3778292019563284	0.42351599159607234	0.38462786736075694	0.304068102157607	0.36017122817950026	0.36271716232652995	0.356667888797877	0.36039746126057376	0.2873772539379009	0.44461056161080736	0.3512441951093702	0.3771415410074337	0.2836035120442839	0.5225298307754733	0.3670997807892069	0.27954237149611283	0.268612447096051	0.36972237279172904	0.38208575841385495	0.3874934549852944

0.5248139668725548	0.24661462706008186	0.49175022427138204	0.6187802070385646	0.5155279604443419	0.3870907521263557	0.45152034964458254	0.4540364231143743	0.49287021245548923	0.3483028773579282	0.2917939139422077	0.322725215279797	0.33669778454396626	0.25394112797418344	0.3480148850663748	0.3803739706229058	0.2958106484343085	0.366773724002665	0.3860101239251804	0.4001744162433788	0.4286872140117557	0.2609098719270456	0.3939556735222187	0.2897242967368212	0.4452019501145157	0.43037816991493333	0.4174534845989272	0.48089395588816153	0.4453726855328781	0.5229105435448704	0.39738069414669186	0.36299120541071805	0.40261781335396285	0.3656961265966787	0.3188681843136017	0.39081728466579024	0.2517776222257645	0.3901001764759564	0.42348658858584787	0.447937793758802	0.2672805564858196	0.4963784774964115	0.3386136189164478	0.2880260109624695	0.2552490980009573	0.4137771916491223	0.4532331422833497	0.43314301295737756

0.6395409543585457	0.3287202422187364	0.5831661753819105	0.7709908760797738	0.6901879326555563	0.5088881030951052	0.5970786906075336	0.5570758656329934	0.5903307312225947	0.4639344349936766	0.36838599045559495	0.45888108416843	0.4288645846274531	0.3946161581276352	0.40789316789452723	0.4762397128430968	0.4166398984421168	0.4538734766823155	0.49871352378563877	0.5621955124659406	0.54441432567634	0.348928193079076	0.5049300492749714	0.36486680483998973	0.5971362789128934	0.5538758415572856	0.5577389908665682	0.5282875383641454	0.551266429083935	0.6530302509650223	0.612052157349761	0.46068952651695905	0.534080208171769	0.40762685980965674	0.4260460808039369	0.4201251720302407	0.32142771779812546	0.5063255179100664	0.5183972995969114	0.5656291206188115	0.3459046483283835	0.4540628392320353	0.409956442022511	0.3237016745466442	0.30756437241735957	0.5471315247903109	0.5820337979233556	0.5378259594784268

0.6018505687518891	0.2842216289974503	0.5633920965483188	0.6430800306356828	0.5430226709243009	0.4942905531646018	0.5322854722750576	0.4760664901592255	0.5636408403428466	0.40921595748063155	0.4289517819761619	0.3791099226338749	0.40493098966330426	0.2931923948294701	0.39185202743499087	0.41623809875641826	0.3834983423267476	0.446316369982664	0.46311008295817824	0.5052674765271062	0.49258041736959224	0.29326960648914596	0.44878275979647997	0.3273770774346581	0.5285348406265744	0.518627560921098	0.48374161582426844	0.4939724550464575	0.5272621675985253	0.5724386747232335	0.4886890810608065	0.44115860649895333	0.4790272057218129	0.37004006161194275	0.37340002013416024	0.3546490668151058	0.2809071910954855	0.4282951171409751	0.48192241696818316	0.525054748422106	0.29436426530516124	0.4180705564817804	0.3654139713332715	0.27335122896779485	0.26474557600897397	0.47166191871118124	0.5490065985583754	0.49060040875665906

0.4771757301757557	0.27329786153002816	0.4750328377525301	0.5937909771462545	0.5867827535608174	0.3714487715022777	0.554491305278932	0.42148416186365	0.4456893607876785	0.35973318375400914	0.37077606027384535	0.3106630428610972	0.283806693030383	0.36921350146225723	0.43868486772186244	0.3493392076418337	0.3062942456994534	0.31400629240013167	0.34793599293785826	0.5194213902874623	0.4366692033823294	0.31841648752396856	0.38474273083309884	0.41016283663517417	0.5103355549082107	0.46212863451704733	0.33907687150567106	0.42648475047424345	0.40695462218034634	0.4616578720121045	0.4254130703200465	0.33284763672607476	0.3913810275824454	0.45070372027207484	0.361575435510046	0.4173517284994832	0.31840316324414103	0.4135467586239152	0.3569384376727174	0.42497802717736066	0.3067853113028828	0.5182292005781765	0.398913407553542	0.28661558744784715	0.2780099344890263	0.43183140281758914	0.50047754591219	0.46941591890958395

0.29259675306949834	0.2086887516997194	0.35653866664052225	0.4296846023437183	0.41901154755591097	0.26039302904694334	0.3645690506076812	0.31697089049920224	0.2882876310198481	0.25412713076103655	0.26436310359955684	0.18106020215905494	0.19140971025049497	0.18761716514720547	0.2835807808085139	0.20238124359675574	0.16706678424476187	0.21081425891542493	0.22380252973972697	0.2965207663594577	0.31480112917894254	0.1778908570433276	0.2616891234144595	0.25363336615053084	0.36331056997956324	0.2845107874939057	0.21649876546134758	0.32770355395947254	0.3210042740508102	0.35295138448329205	0.31581306750713156	0.23616498873735903	0.29887805759084596	0.27984742780998706	0.2749403223316325	0.2976626967080003	0.2229011979007639	0.37014603808227226	0.27151235798680506	0.3219444693581659	0.2056335311329444	0.43880662438669404	0.2621980414842878	0.19272177945931968	0.2060410937868566	0.27815303890726933	0.34296900782922396	0.31709135031150415

0.3362988234621025	0.19625036075353647	0.323591057904388	0.434136508362532	0.45141557908775465	0.25134793672187195	0.3539019116894575	0.2789022053678195	0.2863756114523049	0.240813795252922	0.29211906543547805	0.18467392982894226	0.18820718384375734	0.20130508899025135	0.31201611484536096	0.2107262006858549	0.15486885666771427	0.2171099066317691	0.23532044033551955	0.3044276230685779	0.29499226388798333	0.2083035468459168	0.2391229821118454	0.24474398758411994	0.3429042889061549	0.2965342267200959	0.22793634754420672	0.3326285606663279	0.32861363877299277	0.3502203723508217	0.2745560129219888	0.24021627062888046	0.26670981895926554	0.28745992042140306	0.271967760058685	0.3289372825936017	0.1883333537954387	0.32571987401031316	0.27192354111272937	0.30274270004373366	0.20474993627633603	0.4509269394061422	0.2915840048030923	0.19313319511182692	0.19240670554748748	0.26749802785535554	0.33281340574623747	0.2974555549538007

0.743462718950284	0.21461349404197996	0.5125573923712756	0.5987828535013586	0.5246327747294055	0.8216845337926113	0.6987934180273531	0.6753830534503119	0.7472996161172945	0.5815540214846802	0.5455639666742773	0.6012284217376419	0.6152591425882015	0.5231236264823305	0.30064091673328636	0.6555749886138675	0.5883631260796066	0.7371720516639713	0.6653098270557342	0.7013335144914264	0.6903485329649168	0.21211728642712052	0.739819355975255	0.33575802202346083	0.7143203243847567	0.7144017392571362	0.753298536970506	0.673489660863056	0.6676495917612362	0.56146183880668	0.6843972068452419	0.7067664037058967	0.6774702262318908	0.5604260102420505	0.6207744470834125	0.28051228091500435	0.6462154080200389	0.34635041319018106	0.6806779725560048	0.7136129525678163	0.5718009061373628	0.5375056173653869	0.6869308068166913	0.6673761716359241	0.666426756229342	0.7358380365426421	0.7029108387185232	0.7400308783952652

0.6356281985980543	0.34185191888835975	0.5710858235662672	0.8679103030083775	0.6676322892354467	0.4627359795185076	0.5406981691136732	0.4759848279926354	0.5678974986661025	0.4192000138186309	0.3640062548683742	0.4020727221529628	0.4099272427277742	0.3100443380691861	0.3837482437730986	0.4759403733141466	0.36469790288015813	0.4105466011536487	0.4556809410876196	0.5298017467066063	0.5414910614314807	0.31812573395137084	0.48723244576491065	0.3625557669506383	0.5675745141109958	0.5118153742733639	0.5113984932629104	0.5902597036824553	0.5362208890558535	0.6133740932457792	0.4755927980745652	0.46766452838562633	0.45841004045970424	0.4841425907084038	0.3967136913096142	0.36910957349340956	0.28977208861224213	0.43506978982656475	0.5229361158985985	0.5098912113878193	0.31105306812970485	0.6857945768116864	0.4496570798333799	0.360587012983145	0.3540634826591013	0.509540439547817	0.5759778167091469	0.5176564874089112

0.6081947117715196	0.34939968966736046	0.6287574022138284	0.7865203747388712	0.5814108335622089	0.4956601900321733	0.5707076628978809	0.5083747368109984	0.5601078468478737	0.44121122924049305	0.36281870064897637	0.4300688981245353	0.4399843624180373	0.31155287354280237	0.3225263181397271	0.4478366318321233	0.40039353278466094	0.428321451916859	0.4679121848038388	0.5205471432544007	0.5722116555244239	0.31604841850698934	0.5184564151375974	0.36556789183087157	0.5795680564751158	0.5192576888700415	0.5201793188226821	0.6086800134151458	0.5770592382623507	0.7083953075589736	0.5025845882362153	0.44943340580396324	0.5055180168351988	0.4125937022401697	0.3908668891834038	0.43074924842879425	0.3305173652898884	0.46012970872228576	0.50992778746845	0.5539586838781057	0.33860416903043644	0.7823257989088803	0.45134179684684794	0.34913986434709765	0.34987116966172827	0.5638380889237025	0.5988230126222953	0.559584155007809

0.4801133762351652	0.18578880922777316	0.45149373701877504	0.5927758114220393	0.52259426109033	0.3499388427451652	0.43359310554135144	0.3719957899540958	0.435176083180559	0.2852381826768055	0.22921687111975425	0.26134516674137176	0.27449418892269173	0.17728081229152298	0.29944118536272263	0.29572836618712384	0.2374721756538513	0.3289391878918163	0.3379559380356815	0.3926284972500885	0.3962913876830422	0.18754060326725583	0.3396376973159537	0.23958058568294252	0.41586703465846997	0.3703880926983677	0.40327511158054946	0.436542812644769	0.4061759130592163	0.49489774471564396	0.38580802722637964	0.3034301059275755	0.36555428662140876	0.27326583788887515	0.2739312437002443	0.28813321425609495	0.19698437463783824	0.3674802500364587	0.36140020323239946	0.4171048815957134	0.2042830607428998	0.4320802421528006	0.26644854386328887	0.19919549178659157	0.1905898388277707	0.4165628827345684	0.40409511980755686	0.4070806570988964

0.21634504176678573	0.133202690661058	0.2533187123922368	0.33241573992508094	0.37669395804305245	0.14969874859248536	0.2810020964513317	0.18510503479785806	0.18784884888171524	0.13790686290550258	0.15387410604624782	0.08878900844587725	0.10806719716201119	0.08939526259394352	0.2625352380158954	0.13286436832748244	0.09109648694163049	0.13664185795592843	0.135296640541339	0.20202532556501107	0.23056138961444622	0.09914373837563004	0.16552307353914192	0.15806600165780094	0.2923423872765409	0.2277892495614446	0.17626226654608992	0.2821918915138687	0.25707756454056724	0.32435040243257074	0.18983345675571994	0.1438080391992837	0.18493914215822524	0.17771218745970066	0.1945261891411775	0.1878135569994539	0.11226039505386462	0.2454909838601126	0.18968164299793322	0.22008898496459847	0.12173197356976298	0.37050835289970885	0.17992108269096008	0.13168896834896443	0.12883091338873187	0.20485924575635445	0.2593658775047049	0.2496853571831099

0.8646840120883266	0.330765917047505	0.5342100064198624	0.7699524012137253	0.5288659952311754	0.7630904787663875	0.7703758902853649	0.7525998976875692	0.7755960422052637	0.5766193989383581	0.5788793678933887	0.6510402156905664	0.6410863800672233	0.5778884522180754	0.39932207903029554	0.7167480796304337	0.6343539803062221	0.7367704319751764	0.7354612456179241	0.752787570503841	0.7557407107561187	0.3102506328030226	0.7915161710970933	0.3268749289536734	0.8479756733500803	0.7359846846775151	0.837676303393915	0.815246545864489	0.7509135813220398	0.6561538785751517	0.7787693344406372	0.790332607964803	0.7313732113759662	0.7050509790709651	0.6270944997694654	0.438058154815719	0.6862267080935529	0.5123463881797654	0.7503984139585329	0.7461459524517177	0.5796452569534809	0.6343616673942369	0.7715350388100313	0.6996451967746433	0.6938645411132662	0.8575059395841578	0.8239454536220794	0.7640874254341989

0.8130651817011412	0.3262644084943632	0.517170659681525	0.6510812009753724	0.42913166778740697	0.8465194289471234	0.7273080672134429	0.6992107923524364	0.7640031857665033	0.5961186935818925	0.6010885283157634	0.626385260123907	0.6497129602175689	0.5451539295701253	0.28331606551707833	0.7121596341114538	0.6248632351074359	0.7419787288571542	0.692629805397965	0.69345037418909	0.7433296774577038	0.262080062859519	0.7501114091281122	0.3598247411794866	0.7452850652758412	0.7129693851319394	0.7625295312157782	0.7950341795681228	0.7489087295662374	0.603663249250696	0.7208300364982657	0.8133437899200168	0.7149680196189732	0.6868248372266791	0.6053080643891542	0.35227792833158444	0.6889070577679397	0.4319925930872918	0.7631083783083001	0.7328551432946058	0.6272498026504447	0.4978791986173464	0.7124946703140163	0.7368459547347828	0.7149519719690921	0.7961641229021569	0.7493798613832701	0.7829395144490614

0.6547872284242537	0.31988379611125406	0.5815737309891877	0.7335306109625441	0.5514344133385864	0.47318867114994834	0.5488850053268378	0.49440041732609097	0.5637149760969362	0.4131508980612529	0.34796377510199883	0.3886221250198767	0.4052794337424738	0.28727632031470923	0.4154472195281165	0.41878318125218994	0.3741310901669537	0.4672958807034824	0.46868076590598623	0.490097591993075	0.5817780091437672	0.2982292918780431	0.4724618603889029	0.3585747078225945	0.5557860863941725	0.49614008087879485	0.5188841609993604	0.600349001387257	0.5756512104136858	0.7556276744126829	0.49593360529199737	0.43014274308620737	0.48886480748830957	0.4169695044508322	0.37496611978527233	0.4140252841878842	0.31282596726649314	0.4918635186967598	0.4905269128221546	0.5415440121890823	0.3147448475514897	0.5936972103592908	0.4121410335527357	0.3191361963449388	0.30412293834316784	0.5250962205280606	0.6767285956793606	0.5377470514817306

0.6623824231140197	0.1714816323757684	0.4531642160826296	0.49430610040945155	0.45669128415980625	0.6467342754321787	0.6264502212291185	0.5981983793515024	0.7003108677703727	0.4352196293671542	0.4532694451555779	0.5149390334112125	0.5244816196062592	0.4384141494090135	0.27377625896982666	0.5426856527573385	0.5047370014615254	0.6565249772726393	0.5831716835227465	0.6761581239798093	0.6849646966698961	0.6372672017134716	0.649264964699265	0.5961520713678663	0.6323362321765336	0.6227216500644874	0.6879788078870032	0.6094794647375609	0.6481079999384431	0.49326331382362615	0.5758141660500445	0.6174780912860024	0.586814986698852	0.5116848726180728	0.5032834276740022	0.25677844492853724	0.5682457987748608	0.3051453261560447	0.5910426274833842	0.6225845522128619	0.47966524061520754	0.41566732062946343	0.5762034993887947	0.5866844478662925	0.5714047194419055	0.6660037601870761	0.6388499455977158	0.6488138669495878

0.7139587865027703	0.20707311277802498	0.45703044647949487	0.48975955491744416	0.39307744574812103	0.7084023314210853	0.6343950437080454	0.6230491463879783	0.6892231161750616	0.50817265229499	0.49094063111865727	0.5573050555053892	0.5578763557533495	0.4793080764478973	0.2413529880512166	0.5873653632274165	0.5587530673698178	0.7048532266745724	0.6373644191258401	0.6615809296646182	0.6731089476365979	0.2072816025135694	0.6855041187977213	0.261453303658347	0.6628716395550822	0.6344224042691688	0.7221126478551507	0.6259001708652505	0.6281884222399572	0.5416547889155753	0.6690816760435729	0.6676610725061336	0.6485430121105142	0.5080031239689176	0.5574556349683575	0.2898011157742147	0.6201945497074308	0.3696732239766997	0.6444707388878345	0.6709864591301752	0.5226246537066855	0.4333571871737162	0.5998048490012967	0.6199956585713577	0.6062596756665151	0.7074423342380026	0.6650465137880757	0.6294625527245872

0.6292808097713561	0.359554547738426	0.4613113974936384	0.5100984277875934	0.50419725253205	0.6507262542281657	0.6797220863919232	0.6409134945923324	0.6386528037210413	0.4979205755582284	0.5698061817827901	0.5380468852251428	0.5546361416027485	0.5684066849630729	0.32117081652396023	0.5757658603306856	0.5470374441600199	0.6001727383914315	0.6159897114721242	0.696234067626159	0.6401201770411822	0.3018545010158564	0.6431197308951573	0.4137035864536349	0.6936628058380815	0.5979862544189585	0.5965412237606942	0.6251947484361597	0.6375654254666664	0.4721298803284488	0.6604077481643026	0.6751813143261931	0.6431741454537807	0.6131499620111932	0.6500554894200037	0.42830399294369303	0.7080761974475979	0.5594022452582288	0.6451914005408745	0.6552982916660002	0.5978272106497484	0.5428506143879688	0.708893188025969	0.6587497536081635	0.6507820903002688	0.6933043035095909	0.6357413963187979	0.6771737879483283

0.7411118058788893	0.23149374655573318	0.4664675598334109	0.5805530281016633	0.4379954791417793	0.6886410694587749	0.6831932665022435	0.6356999750022352	0.6850366211367369	0.48111176719154924	0.5020757467176457	0.5434509755182453	0.5549191314581643	0.4912875694567087	0.29578393889664945	0.5865626319743744	0.5378562792895062	0.6771271087480278	0.6391367852901079	0.6623801927790747	0.6774796451222196	0.2166922276432326	0.7012729749113357	0.2601191273691183	0.6874993400650096	0.6368313484706178	0.7244594814524126	0.670263008240273	0.6848930831463573	0.5654872202530836	0.692518960834235	0.6723483334647329	0.6609321123024774	0.5840758632714733	0.5756505152261171	0.377501247454867	0.6334027245832397	0.4724962348903997	0.6228665708562671	0.6855391517368183	0.5235493478747364	0.5737019536943213	0.6607370117663305	0.6100438859928011	0.5909779601217862	0.7306228655674414	0.7114876064876481	0.656183562024995

0.35706332629642024	0.26479528980144235	0.48351977138877095	0.5405710545322651	0.5569343644817168	0.42770097299699256	0.5477522243104753	0.4410804044630903	0.40852599834324455	0.4175053457436066	0.421773743945356	0.283526420300268	0.26480630408089345	0.37449977635718595	0.34142388416220154	0.32028425084926904	0.21952034997863468	0.2966830021746527	0.2986866645108682	0.5240097229475486	0.4685401670144866	0.28970307549215724	0.4340594892747077	0.4388096784885239	0.49145311498786404	0.3810080457179014	0.3018337351353876	0.3969997476071837	0.40341712003269115	0.4293310995156101	0.42667911508137224	0.34548514509192146	0.41296911247951495	0.4858930075999636	0.33758325163938097	0.39439292909677226	0.3467624559393987	0.3840471267541278	0.3430084513810687	0.3985656677023054	0.2805357001953071	0.4995644675652824	0.3748459163666457	0.2562856205273485	0.24840050053962764	0.44971723056502144	0.49467008956750497	0.4743555820202997

0.6832579440673558	0.2508921859576491	0.48327552918575306	0.5407453353676103	0.5090332300907291	0.622941334877706	0.5707162138608645	0.5726906980556055	0.6361998704360035	0.4144322116606274	0.4433007485583898	0.48038144428779816	0.501990131854966	0.43239326802535827	0.2722809359000683	0.5183036520993143	0.5017318691185549	0.5817112459166387	0.5696135436148924	0.6124263905705951	0.6005347297061442	0.24634616522192837	0.6318835836906023	0.3027179216538216	0.6203851925280908	0.5813162909842411	0.5857950227369106	0.5568557656853989	0.567672325160711	0.5060093161034095	0.6371520760170302	0.5970166102749077	0.6138198953101731	0.49695276753679385	0.5327524909898924	0.38048194025677917	0.6013084707457066	0.4940667577441499	0.5805450050634429	0.6206792470648717	0.47803645926592775	0.4915569805030695	0.5822201864060073	0.5731408697292093	0.5716259058613111	0.6260508389073115	0.6164303292894793	0.5710948341040261

