1.0	0.5610883250545328	0.25668302029047196	0.3847918243129721	0.4435759377421722	0.20808795217731862	0.306487912805564	0.2269491197288496	0.19188940966360657	0.34901008318196025	0.6229450060098146	0.32941463729675413	0.6794236008631223	0.4919049793261041	0.3714709241266961	0.3446050266587952	0.5318301616233415	0.6246844047445776	0.4958393477496088	0.40432893120765323	0.3301501725716799	0.5766700255293304	0.4974758918865745	0.467097790558982	0.5026006675780579	0.6237920158204362	0.510352034025475	0.44963706546315757	0.49871574906172383	0.3357711742783336	0.346990877517488

0.3868422130092757	0.6383514107540793	0.7015724130965038	0.31693314231381275	0.5817113338330879	0.2644457034015425	0.32239735784553886	0.29485668380111507	0.22686871218807142	0.33568468376637733	0.30323591156360896	0.32431373389567214	0.4797385848846377	0.4737077153771446	0.35890874763865604	0.4165553944282846	0.4368868142859911	0.3213941458616967	0.3869490497908713	0.38663212184184303	0.42297976475761545	0.26305767838967303	0.4846021755737705	0.5266492713467186	0.48370794915425885	0.2716629413287389	0.5418949825271618	0.5109810062877932	0.5266085868686775	0.5020793555609121	0.432728167618929

0.36634168808407286	0.36380178036578137	0.28530001330827665	0.30937967022266044	0.3939561444459715	0.23226300802646502	0.2792699588035298	0.2590366605278903	0.1773149390869181	0.27717058513457815	0.27012740562117826	0.2808754312034164	0.36634830136835483	0.46345486215768394	0.31641326707197975	0.41155828342556766	0.30505416886387926	0.3075429254251447	0.3638494101935225	0.344452691114764	0.3715130913743332	0.2540094763204207	0.41600562479400705	0.41232620746046067	0.4465419886168994	0.22105675421584298	0.42398728845882694	0.45282432588659327	0.48227563741614077	0.27132879972567553	0.3918933934030533

0.480527031516996	0.590422435544247	0.31857590780573913	0.8593423733345877	0.8059815079949486	0.26476756502663124	0.31248385889573266	0.2867420519505614	0.23865253248549403	0.41902861646908024	0.35492427427197726	0.3955915650832411	0.4095609427341157	0.571810788372507	0.43137477950718917	0.47373295250640846	0.37846376624524847	0.30909991893944594	0.369194161261412	0.4695054716504077	0.3631483195550207	0.34114756247127787	0.5273719475213207	0.4953889164585584	0.5585178295778495	0.2572543293128832	0.519453943189766	0.5176608970035497	0.6002122475870884	0.48665386235078506	0.4910907442760821

0.42449386160420244	0.3696505997553859	0.34891971166843216	0.20852339790298205	0.3453001820300398	0.8365731602384097	0.24816252512147352	0.9235849116964676	0.13516379844767368	0.2217941905636483	0.20045284481038103	0.25250057578974233	0.33220400402307554	0.39918168878931715	0.24103663816398957	0.41778863068938665	0.3046487426234547	0.23507225222287953	0.31519504757576566	0.27026519344250993	0.2907467501451841	0.405678630709176	0.4004405578625819	0.3992165317290718	0.3687737989351585	0.5339210555634881	0.3698024689063521	0.3554916817701428	0.3676002958939895	0.20567870274141645	0.30501797518229207

0.5621236275215846	0.3685514543261186	0.2655893209018845	0.23344137897205047	0.39874577402890693	0.4834222766319064	0.2893304224280224	0.5357092594264473	0.185030307381772	0.3365453320902808	0.28545205266762486	0.41654209764563227	0.3268780512722069	0.5171809409265643	0.2953513826782701	0.476099126577984	0.2852637947326142	0.25401222293983233	0.32461947820385145	0.4358724828328379	0.29724517739695067	0.5731586225812442	0.4617340161569251	0.38597119427907933	0.38683440596109997	0.6615013427314269	0.353597227202889	0.4170227658186121	0.43502752453206994	0.2230040757535719	0.42667780586881104

0.5814021140328627	0.41339833926577974	0.29067113937807465	0.26499440518237316	0.37694289942034126	0.19654861459124867	0.31087641728971077	0.21596331263391594	0.16954138348727238	0.3351279121270161	0.6140587924344725	0.38354542799272134	0.6007923866328513	0.45550990570325933	0.3012751662679143	0.49733059942909014	0.48720090371063546	0.6209906041981945	0.5087016604039037	0.43321817381908057	0.35075467324093074	0.23188455888644843	0.45824796216149755	0.3591278190911992	0.362856283961519	0.20494221568840776	0.37097240034719126	0.4117132045340578	0.4166544186049136	0.2224083374676848	0.3279473060328912

0.3202471178763332	0.4447122295304493	0.23340462892830138	0.2712272539895846	0.343442009744637	0.2151700122948998	1.0	0.25177158256168564	0.5591165757959227	0.25324565440080515	0.24611676853815628	0.2643173693567459	0.3480138903096067	0.4326844671522546	0.27068584870121926	0.4404640731968685	0.3314675646702657	0.23263088678802712	0.31787078155359183	0.4145318185887657	0.3331693222065367	0.21179317969594846	0.48468204352555216	0.4746371407177913	0.4337633695894347	0.20474497299039268	0.3992152321240097	0.46632913741826343	0.4060557451555773	0.24598494715004265	0.38810337600258094

0.33235554458430994	0.49936771602427166	0.29932853147790794	0.32354578228915776	0.40804496174570015	0.2397944591837743	0.35855885274643917	0.3071783137866385	0.24167519307300755	0.2833392058721281	0.2546761745087504	0.3041064537808478	0.32543972380708386	0.5264548978113098	0.31031269169771947	0.3561893794402175	0.3717479864402906	0.2860899904758866	0.34540426969749316	0.32182111712038597	0.3624497554874704	0.2221398114055207	0.45998289191120234	0.5882337191576414	0.4340864205413635	0.23381343685925177	0.44656792139514656	0.38322129817031436	0.45995386728269994	0.2947358494516641	0.4501701174655802

0.33091197821920426	0.4719033596649904	0.3173437679140494	0.4335746231301316	0.3527991310535189	0.22470101423490624	0.5572674225812253	0.24487167062520032	0.8524893731214277	0.4691701391475216	0.34528856524621343	0.2738628052819689	0.3244722317091432	0.40331646654775466	0.278383259127747	0.279284339470502	0.36595441062176814	0.3002969029499971	0.33918803389756763	0.314413056311325	0.3572615882450696	0.23225222786347438	0.4532652098853252	0.41456178292939905	0.4390118163629811	0.2521666283406349	0.4245229587318653	0.38748465287460193	0.4354909843990746	0.2586425535266148	0.40706659405034834

0.38217504591900686	0.4078097213561428	0.4771692932575725	0.37418125550760567	0.46936623158300494	0.2842703134431699	0.3074477526378589	0.302227769541265	0.32053978272602146	0.7762829528044964	0.48186872851960677	0.45277985517049524	0.4975097051697568	0.5400971484276679	0.3707658002899935	0.4364066594180972	0.3206383436347775	0.4012671866752642	0.4088417193886963	0.4181794653909792	0.37424308170140375	0.24997892410040815	0.5762837080045453	0.41808607419896177	0.4010787551162999	0.3204076724655631	0.4395874413788966	0.5608699356738196	0.4700872443362808	0.2801752553937536	0.4199104842687772

0.6345856408423973	0.3983235422436372	0.4506353864720918	0.3055815651674677	0.45911593689472474	0.25138514978121596	0.309037162616383	0.2753999011493843	0.2482377917496193	0.5311395980244867	0.880012084619503	0.6862068674308005	0.8820314390239306	0.5857772593871816	0.3763919805567576	0.4652841737679757	0.5318605804538186	0.6999927907776354	0.6033100049818366	0.5114773996509255	0.4133163513874295	0.2922910313029704	0.5509774270042739	0.4514554987724605	0.44637604409529075	0.2663493036443644	0.4308482464107456	0.5166058061037129	0.5000173606545154	0.25870029530406313	0.44608582815000386

0.5017606219021805	0.6151329648540984	0.37352705059715124	0.3932738974620819	0.641885055322142	0.3689932659055809	0.5162090158611934	0.4187702783685952	0.2838050740528296	0.44516690685947036	0.44393189998900695	0.5036475186343774	0.5506128411336754	0.8229229830606628	0.5908126486151903	0.7527912742507166	0.5016127919893675	0.4445681104775605	0.4959725396950583	0.6601692391909766	0.4517493456339031	0.35797939465479156	0.6703655247864329	0.6297710341792189	0.5872356727290591	0.3198373231109143	0.5777145869503943	0.6527545097571996	0.7149470014533257	0.4126100520882349	0.6005741650297818

0.5363366611084759	0.5531829762770497	0.3323165235400371	0.29723788353862124	0.42357305038405857	0.290898120297397	0.3314675646702657	0.3106760286384253	0.24010760348304788	0.26897486482961674	0.4810670908851165	0.25388174307631134	0.553438406608892	0.44738964009957305	0.38046966497964047	0.45421393919653874	1.0	0.5375352508841513	0.5627969331794094	0.3657035843170249	0.42764098505519843	0.2313891241619726	0.4910922345651818	0.4677957571473309	0.45643906201087303	0.23946465028097028	0.5353544538871736	0.48189702379850674	0.5299176994244856	0.3682152791167249	0.4028244399564752

0.3529739227752834	0.45651482484853045	0.36918381069675255	0.33935411499573764	0.42181833276672775	0.29937036556971475	0.35369807481838006	0.362776888456707	0.27989945340294836	0.36475417041299685	0.32583039207378256	0.32717267727893085	0.4090069197573453	0.5126090462250297	0.345024677611364	0.38763358232888434	0.440552766285228	0.3408862262489511	0.3886818900645797	0.42564210297098287	0.5019850806580228	0.3021185592150735	0.5099518224578228	0.5059318572614645	0.4764935824001739	0.31165032334500664	0.4806118500291343	0.4249587018020686	0.4800746074235922	0.370061766234851	0.4812729297959168

0.4775448874346047	0.35571896254785096	0.3809371687791243	0.26682402174013425	0.40016023582699534	0.2608089042024675	0.29474582136335326	0.2802787658325574	0.1846620663162662	0.3019762715333432	0.43902677829458836	0.2413547660595951	0.5285477104793622	0.4089874754954556	0.3174237228952682	0.4687043666681886	0.5564171045807149	0.5736321579249628	0.591335374751564	0.3501910378818183	0.46622479616792667	0.2891830237681035	0.48402730115345755	0.404440241029994	0.4954210833961737	0.22320977590463123	0.39722230893989596	0.5125128787878189	0.4490822093980953	0.25360579876787337	0.4117308270985512

0.5650083699867767	0.43999719126835396	0.4298725405140996	0.3717376852958879	0.6084521450341	0.2972276488321901	0.38314315540229815	0.3324935564277289	0.256801293934801	0.40521770607781027	0.5634054701944529	0.42912877223267487	0.6555454354582506	0.6038080895863052	0.4635836112378158	0.5170017058949525	0.6225044231121497	0.7020245077934348	0.7190202238656902	0.47711901547797053	0.5200297457238163	0.3199147121078235	0.5650199616972239	0.5586548507573356	0.5162260916517036	0.25517291397824715	0.5239917254983196	0.5851060759015672	0.6064651536570868	0.35394205731577444	0.5143806917805129

0.6577069153058275	0.5235132619292658	0.37898921400817176	0.3013180702206968	0.5006564440856124	0.2761318762305231	0.31150644827465157	0.31105684109108417	0.23295154125999334	0.4223871609118689	0.6943335888577099	0.3974233501055109	0.7319966613844677	0.5650742763706176	0.40311568148713195	0.511000569160656	0.6072225745172198	0.9510839557543034	0.6614781573765003	0.45495630167736734	0.4469517215347434	0.27638092353930854	0.53248063945101	0.5227330590822262	0.4669980026754367	0.23811397595023265	0.5073168487615787	0.5353261784242487	0.5978790276499172	0.3233407604955814	0.48695262965967645

0.5029947598977011	0.3509479686201244	0.41604118038536964	0.2891181127829189	0.4098510839764288	0.27248273104239196	0.31787078155359183	0.31287053641731977	0.1952956248644406	0.3158128813040012	0.4872311912206392	0.29150071467231087	0.6131899246276454	0.4888587341253544	0.3388036155312579	0.480920952787329	0.5627969331794094	0.6623887474501564	1.0	0.3625438391641384	0.5078019050402458	0.2789151369243277	0.4851559578080338	0.492120433963417	0.43252033124424527	0.23577736231058138	0.4114967980201808	0.4989082049409434	0.47212082467022887	0.24537438910475384	0.38769332235526544

0.5562646869698441	0.3516147914330196	0.29888517908253603	0.29309172033669306	0.4210486886325508	0.23534505451497018	0.24873012208110615	0.25876426025107857	0.13995997335499966	0.30769900270404466	0.6315717290233979	0.5517559639229864	0.566996072457298	0.46937215079758793	0.31973529292043606	0.463985478459772	0.44578740477169376	0.5627727213795215	0.47119750757947515	0.3621615542385109	0.308892189225838	0.25349906029144414	0.4535910933955198	0.3854526678247	0.4565812571750319	0.17773077561358702	0.39241164534522815	0.4323236875542841	0.45371236524219594	0.22614506712742216	0.36913518931345884

0.37242876049881546	0.5329540573205996	0.3210480735338858	0.3183140142416203	0.4882669212653065	0.2468111705768531	0.34972710990439654	0.2671259871180928	0.23728051563189761	0.32351596129814686	0.34447384395764113	0.38622011686097557	0.3884282450469565	0.534326497550362	0.41949235064837076	0.41633610768526197	0.37990931285030766	0.3043273348299531	0.35052511768614025	0.5468673290749806	0.34841394793014546	0.30513687414872653	0.5152566893733243	0.4575728828978797	0.3938330079808652	0.2533863682790634	0.5348611519726167	0.45647526770322955	0.5689307425724971	0.3737666444527998	0.44290655124483785

0.43747660234300667	0.5611739650663732	0.3030992479452267	0.3368017490635451	0.537744502297582	0.2596175955312048	0.44567461951170817	0.2986050746556968	0.2598923979756553	0.4694381179696188	0.401088913581124	0.4677243246832812	0.5460449243065236	0.6200981830928741	0.4406150916148487	0.5715625247444492	0.38333857004014615	0.3324675033110718	0.3912905993006862	0.9579751483893754	0.3660720276781626	0.2940429957095156	0.5368835220564316	0.5583284120091089	0.46874898448115004	0.2890918613848219	0.5369891989140699	0.558031764021127	0.601358469691243	0.3707045221853295	0.4839371460720082

0.3959941607458961	0.4422961617129859	0.4929513247874713	0.33070110537780095	0.5786993336065385	0.3605859673808563	0.378104945545143	0.3829463706579428	0.298957172989391	0.3228726503903923	0.42596807077141646	0.4005578773529533	0.4657654530701018	0.5465221757266593	0.47427043400385854	0.5699934860939468	0.5580619724754508	0.4642990799044387	0.549251075016329	0.46989327002182224	0.5578498881040511	0.4234379885609397	0.6054752949106672	0.5369207139451669	0.5878232998113694	0.2649209152987422	0.5795437086853324	0.5877327526964435	0.61100922345649	0.40128512523278664	0.5194934142959458

0.44783871703822586	0.4110957646110147	0.5396106150067195	0.32925354661411343	0.574843904871878	0.3449496436178028	0.4161387870343252	0.3642992057714237	0.28269555269323476	0.4253020229358834	0.48470143459515097	0.3682268633834049	0.5135819004769412	0.5894052612210954	0.47916789420460926	0.5909922797016645	0.6059872287802828	0.5583684573905904	0.6446534543451108	0.4913236577525421	0.6590659244411984	0.42827007251570065	0.6736924803816418	0.5006065866166179	0.5328134202200794	0.2707927356570427	0.4621920987012714	0.6527628482633397	0.6279651979827858	0.31851805569998826	0.5488000883072416

0.47790929207991667	0.52912302189889	0.45320547549925344	0.35563678661089215	0.6340104467281085	0.37488687217994265	0.4149247913198456	0.394749963979076	0.2919604078925332	0.383904861572374	0.408367105168555	0.4189251632748292	0.5360532758291916	0.6740968280287143	0.5396845109409539	0.5873943200442269	0.5421612650828881	0.4602728889950068	0.5708099988593334	0.5270550761012084	0.5761037776696301	0.38528231260775947	0.6133455700776003	0.5335569034629468	0.588261381637015	0.293396940497913	0.5378949248006347	0.6605310519690399	0.7180933187090582	0.37353166282521544	0.5411919165095392

0.34558589624075375	0.35969362719292375	0.4050255513008276	0.3006226073551701	0.40241973483332066	0.245081602699775	0.3331693222065367	0.2854976349724947	0.21346204585470202	0.3189663948860093	0.33200421584601236	0.26606784426286206	0.3950698305437049	0.47548663316886697	0.32240625015600427	0.4513031263555446	0.42764098505519843	0.4082747976057187	0.5078019050402458	0.3560862671627169	1.0	0.3090031583598307	0.5696813368454112	0.4650838142058885	0.45653647469506997	0.24144362254089527	0.42527585683240393	0.5104087719802708	0.4551923629420924	0.2808288322866034	0.41052824759660866

0.3964055309523373	0.5615540243833541	0.3809042332014594	0.352933854039215	0.47858021460712563	0.6450908816128187	0.36756228175062666	0.6949141058128017	0.2592373927908481	0.41921635953774694	0.3573223464168114	0.5154867030190098	0.43712905391680024	0.5437543290364125	0.388059266118706	0.4833657386108484	0.42535587162883237	0.39971332346401434	0.44376698125356606	0.43976621210388556	0.40886126452882143	0.2900751257618971	0.5548524580621491	0.5114401354984499	0.5093830128405022	0.27036736767750913	0.5016213233353669	0.523142928046912	0.5073731069095692	0.3280698183375096	0.561157616030602

0.31867633812538115	0.3863664381178985	0.3974913695904852	0.29555656160732685	0.4540507290350333	0.5770275499362926	0.27691104916139986	0.6214121523555508	0.18720883154851053	0.32404292877180263	0.3050661927752162	0.4059384655552846	0.38979762053531464	0.5174294331460847	0.3562561422045947	0.47507416245897477	0.34151654201118087	0.34474984464964453	0.4128830387430881	0.40792416735443393	0.4202361242232959	0.31145272187095074	0.48350679894624027	0.4227464341642201	0.46420247040706897	0.2518009105002254	0.4368200488257341	0.463163294951082	0.49809663436022605	0.28122936995839165	0.4467535174599765

0.60969823498059	0.3936390102245867	0.2768538703956398	0.299357397316212	0.4261377308173744	0.18018576267236802	0.26939246305222875	0.20052389193604728	0.14454372714185754	0.24052350154558857	0.2973085537590402	0.29700020537992283	0.31170772243672895	0.48955599729742744	0.3124292525163824	0.39810405979687613	0.3195082458543558	0.2431698115047214	0.3309996315170745	0.35190010456052834	0.3317697506537005	0.973005813237778	0.4660383978254691	0.3531224555714116	0.47154556112997315	0.6449627860525002	0.36435875099986637	0.3864124113228031	0.4726234575967694	0.2107522548611483	0.4034339585409712

0.41663909023379864	0.4411016499598476	0.3959132389217891	0.35086903126417224	0.45328390345145353	0.2622611253203818	0.48735361127808596	0.28633617096985065	0.3868804898044086	0.500776992595203	0.37628201008193723	0.3816539063489107	0.3802458421488347	0.5103777302933037	0.349765445855012	0.4296876089342895	0.39068376291847307	0.3791790207016851	0.4166474294271964	0.4134028225357883	0.48573550147429434	0.3035595351593895	0.5628585267745876	0.4489216225359683	0.5024341470898347	0.26092284673137367	0.4530825039422429	0.48371226698383074	0.5069191839161271	0.307481010472212	0.41142554446727875

0.4543456031238934	0.6064689284991375	0.5152878646809564	0.36373297121310444	0.5452734794643554	0.32349822718082705	0.3925649142367454	0.3653611642201562	0.3485316596609278	0.3973584070782872	0.3704476142861636	0.41855328512036755	0.47052527085483004	0.5777535927452082	0.4534444504052184	0.4147510459958715	0.43628315680184226	0.35862404004702486	0.4334352636440002	0.49953323300894037	0.43546869321779447	0.3417841787166103	0.5485724199357387	0.6085183649209926	0.5254385770921294	0.29695436881214504	0.588338319690995	0.5516637663733563	0.6320655272189377	0.42430322775999174	0.563992035454353

0.41795636139136283	0.5617656635692131	0.342733164898831	0.2978567494986085	0.5101378799797647	0.268035648289987	0.34720563129868054	0.31431300594869627	0.23217990431841798	0.366412369237592	0.33429592180811796	0.4350575742041124	0.4071778929129525	0.6536399340322696	0.4357991794443271	0.5086338511850699	0.4279524161057824	0.322229614046546	0.4076023059390419	0.42083912343293434	0.49109900521026173	0.28195529728152	0.7433894098615589	0.5629729453590183	0.4379910191839709	0.24527286228835637	0.684603189685145	0.512141949352824	0.5933081709065999	0.3496710635112845	0.4442280123767664

0.7871196136867441	0.4838969826871262	0.3751706316277955	0.38746333011046025	0.4403694746665394	0.28387156708802497	0.3818573067396306	0.3125861109540684	0.24870112784215645	0.46395530300495824	0.5985122028066149	0.36331682805214605	0.6365197485515188	0.5238755508293927	0.3489557521100105	0.4747832879581927	0.5169237454799427	0.657136535558257	0.5837381471761905	0.40756799645472247	0.4349041591847027	0.5395236523979581	0.49013471927801766	0.5018442258417866	0.728425740971457	0.6987068931176598	0.45971181048081816	0.5570575248464144	0.5049632787880484	0.2926858973326183	0.49025649668169907

0.605893987897792	0.481192729061933	0.3414597453301899	0.31768715413181403	0.43340034342963796	0.29890375673075725	0.3494679385800247	0.33464738190110815	0.23852541766680252	0.4356019502681945	0.6422837008814063	0.36394743682212904	0.6626185946840482	0.5078806268815799	0.35119149100236047	0.45633740131328565	0.5528833824606301	0.6652514114832278	0.5666045447225838	0.3899033460840119	0.4293977585812163	0.23966239202707673	0.5104873596105712	0.4872192799951009	0.44768241313480395	0.33513115189757653	0.46069644037048335	0.5740001983495728	0.47888879935381634	0.30214491895375495	0.431236091965756

0.48008476704062897	0.64641984766793	0.39359759712929876	0.3845156615825215	0.5872240610414516	0.34720057943543237	0.47462697890153716	0.36911350875875537	0.33060285226708164	0.47285717528038035	0.4056784435293136	0.48778702726687617	0.5075763509273168	0.5381311550517265	0.48520238210583566	0.631410153374266	0.5136070861231945	0.43017168504075964	0.4846544464956567	0.5101440074716053	0.4995982506497608	0.3219855944923984	0.6874661749366894	0.6067485543631359	0.560823552062155	0.35648003836142994	0.7532833966935648	0.9122541357936279	0.6231772422738767	0.4247664440390473	0.6889702132108149

0.41849500233740633	0.5704294371897206	0.30881722817152624	0.30349601566118994	0.66897136077209	0.2457427049793523	0.3064958764962265	0.26757930766204585	0.2383635265213125	0.29334236168947947	0.33172249618831007	0.336724741769296	0.42876523652160636	0.6182204426666058	0.4592337468126375	0.43922325450639005	0.4150617335301845	0.31166533793272133	0.3831427074255589	0.4709624801156259	0.36784061861689255	0.30272105607576477	0.49568447964620543	0.4810850758932318	0.4767476887854858	0.2411183171142386	0.5299002326512315	0.48539949399525834	0.7864018742311891	0.891157483208405	0.4570191725190882

0.3533708173352124	0.47417636630954224	0.3218533122989638	0.37467805127617615	0.5287892628249123	0.2752120343167649	0.39732453038081705	0.3095384747183625	0.2756717102309907	0.35847363640767793	0.3573167422206905	0.38457221839478506	0.42044779212844735	0.5995171605962739	0.39932137831947534	0.4806937740960892	0.40128629558743967	0.39221856767587	0.3947023661879709	0.48020684434915833	0.41555261845670277	0.34520507880182294	0.5346212568994579	0.6554266767006475	0.5411909793592382	0.30073153978090683	0.4804583549867615	0.6239973937331423	0.5678040001666913	0.33713071225200597	0.9982972897155726

0.6328083961033479	0.5838283692865579	0.3454793936827589	0.3532983913169276	0.5262219348557702	0.257139833399962	0.32868548735325565	0.28172811397312014	0.30257617405244025	0.43405023859517694	0.6573210872563804	0.501257904272387	0.6615815944629538	0.5886554905386141	0.4876083360159242	0.36754078202874974	0.5398150437154141	0.60700254564252	0.492536407540431	0.5077375857373267	0.3625104169039407	0.3172481308952322	0.5757357308148386	0.5454191341046108	0.4787045156043459	0.3054276293136434	0.5815473432760605	0.5398322749774892	0.5988054151388518	0.3977076450451211	0.4747549390855026

0.4249604971452078	0.42696065743780215	0.3404207349992187	0.380447775422454	0.5396594853931383	0.2776742691460358	0.3530647668016146	0.2938301751212049	0.2723698523674624	0.4470848851547736	0.466426423869647	0.5157905535750216	0.44883849093079153	0.622816213036748	0.4760382492999803	0.4144497189321141	0.37033362895472877	0.34651976276538415	0.4040873155120911	0.5361792707831612	0.37419693861719816	0.3571095699399115	0.6534892140208991	0.4279042925291332	0.41638448253196225	0.31770985853339595	0.46495085243904055	0.5263386788253726	0.5850061495508843	0.30964194929039285	0.47337827158114115

0.46539840081823447	0.4142683041119224	0.4593667010120806	0.4263051476551019	0.5331304668085728	0.3112681616783548	0.32892079588363815	0.33695697483472725	0.28410633664253343	0.4917355410097834	0.42935356923876866	0.44382114884125123	0.402285340726081	0.5970904703826639	0.4282544590712616	0.43534105164721854	0.36441483354253634	0.42049700219235164	0.45633087665811656	0.4575625670252164	0.46059554637225786	0.38114326015672895	0.576573521874812	0.49617878972170987	0.5197159814648382	0.2955097517958917	0.4896828776097009	0.494162819122311	0.567199841715354	0.3307345460499544	0.4343929330088825

0.39296110809804785	0.4622787115655956	0.2934714935415442	0.35351409794169214	0.4729005616940753	0.2734286934593476	0.26699650734561314	0.297886107584757	0.3164582075285749	0.5624996549903195	0.408084603873751	0.37488671185533007	0.3925167244322211	0.5492993005571383	0.4049057965006466	0.39833646615668583	0.30965927990537945	0.41180343034957606	0.4330094824234554	0.42814652857881963	0.3823302937855563	0.2522842038632648	0.5716034646433148	0.488212395560202	0.4761703785703335	0.2917659413354327	0.4859082652356749	0.4789907178098286	0.5201247020837401	0.3460290680915875	0.4581293686498284

0.33792797377492356	0.44416934018513243	0.3736844218413444	0.32953334580867966	0.4990864153154768	0.26374908700222893	0.30355354308800025	0.3271827767699689	0.25578921088412643	0.44474410100870065	0.4124730337969507	0.4151811310140571	0.3923121941939294	0.628731913702097	0.4442143201022096	0.434338423701476	0.39216751918706705	0.3528778233304082	0.48295808157942494	0.46556616912060533	0.48527437156503783	0.3557964166438934	0.6165248801918138	0.4681852259712833	0.4166903416582406	0.3196543333917888	0.4558214648786237	0.5123409528562651	0.6043083326435692	0.2984607749710249	0.4923964857674389

0.53168655019661	0.6384350974165842	0.3800962231223237	0.45683847243362496	0.5813101810384345	0.31455117920829323	0.38402418528912996	0.34517762581336603	0.33902487196004194	0.35209399792235935	0.39748311094945277	0.38579579666337216	0.5191209913432189	0.6130707085221734	0.5038624376908073	0.5116392912211392	0.4301231427182276	0.38735643119073027	0.46752998678321933	0.5321729048246049	0.41040819505914106	0.36579946744749725	0.562601358669422	0.5758283454335711	0.6108751200113562	0.3158377546473464	0.6115239150255406	0.5977807352710205	0.6592075599842995	0.4538014598137474	0.5549471568599107

0.5096467411131316	0.6710902584253233	0.41633591720791385	0.42840339347837797	0.6225390060901643	0.3462183401639504	0.413120455663328	0.40363819400917283	0.32919469017950964	0.42920193115406363	0.458706419055221	0.5052490306833934	0.5350865466891486	0.7186937065502265	0.5684908214134938	0.46025968979461274	0.527968703859663	0.41785023994604636	0.45371817818506754	0.5712756203643166	0.4650963458366211	0.39033115778126665	0.6736047025463276	0.6267983749274569	0.5634047490983188	0.3313434750500534	0.6476478657800977	0.5978316768751277	0.685538044303396	0.46852892788736766	0.5522196981788734

0.4123274590493079	0.4861193254576265	0.3720605062519738	0.37091167786305956	0.48357190512961035	0.3151284666859731	0.453101844606594	0.35760955367230346	0.29232702174160474	0.36975428134028904	0.3473949448563534	0.37109842618750233	0.4902774682540394	0.5472410652560499	0.40282446263860433	0.4005487332148432	0.4187656461373067	0.36836362915302023	0.42925957915970503	0.46278333214085665	0.47077367987260843	0.3107362004778188	0.5468685525352045	0.5896414568196899	0.5356357419606241	0.33084245472561064	0.5711919752540067	0.5054476045173606	0.5565040893079171	0.4056257326866082	0.48672392832963685

0.45407941472889046	0.6090578202809802	0.3691937987454175	0.3859296531880737	0.6049471906815161	0.30549844594601355	0.3615475598393698	0.3337091812722529	0.3392580531981494	0.4348195927642312	0.43347488424064634	0.45438557642029187	0.47571291403353144	0.625273926317508	0.5176337197979666	0.5287116276734218	0.4461600488745753	0.3626563185828187	0.44027485013981593	0.5330550531794886	0.4175757651907088	0.3789291460115515	0.631961711442701	0.5254583022596975	0.5633741233261291	0.3466020022015433	0.5807888688448342	0.6108708533868039	0.6646433054520837	0.4145374744440397	0.5383513026449922

0.442120480523592	0.6348321113914704	0.33823130525449563	0.3904532435104538	0.5455027380101771	0.30316699892596644	0.37808760351200665	0.3289106890744875	0.28726578964460586	0.4456555309930703	0.42143385523358856	0.5359667186854046	0.46037898718747544	0.602595942762937	0.4893548986004976	0.3871189932951113	0.400643205648478	0.38531450274691315	0.42490586724525414	0.5343327879679207	0.44199780258164845	0.3550489423710346	0.6457636426149718	0.5210095640653458	0.4832521066296062	0.32047494202091087	0.609454707845625	0.5167626941824124	0.6169901462630407	0.43402518839201887	0.5445349463632265

0.46388170761607306	0.4103813942054598	0.5152446452864001	0.3435894412839946	0.4850074125709345	0.31942875789897407	0.33849926066936	0.34011762273924023	0.26492102008545043	0.40127037303719365	0.3817340338869205	0.4051843887314402	0.442306870207789	0.5267870624672482	0.38603182113010465	0.3963484004407844	0.43292422602151404	0.4316476564330102	0.47887092053683206	0.452297737569987	0.4900836678792146	0.32903921719357576	0.5577346021344026	0.41381022867515904	0.4786568516200862	0.2630767290583609	0.5003327261597419	0.4834004948568902	0.5198098523961165	0.3447783495049472	0.4218845647467717

0.3451727284277945	0.5287331556365931	0.3751447528137457	0.27941349623559586	0.3866332758356924	0.21313482393079422	0.2606634744969522	0.23212032601620183	0.3041204851747817	0.4197099392614526	0.31059359274869414	0.32307657145150115	0.3561775265757322	0.41423315517375037	0.32949475328046607	0.28168048161932757	0.36008332369866014	0.26643854556417723	0.2846868643062859	0.35015224897989217	0.29286816227888335	0.20589995720903617	0.4532937626573594	0.4357440795218349	0.3586092402329092	0.22228929970711261	0.5054180694428817	0.39453655445678437	0.4621336796162401	0.323766637680307	0.3266564215980158

0.4789221208102533	0.63757294952187	0.3891582062324557	0.40814961782543	0.6304972973818177	0.32066177602569335	0.39186873953622847	0.3689263165655309	0.3107474891903169	0.4479839800562105	0.4568604681502887	0.48293196392430326	0.5008285959365554	0.6755154690541771	0.5406507118834232	0.542020663170719	0.46758907455012677	0.3926381390728416	0.46698924014348137	0.5591874685283211	0.4575788318598315	0.40387575880816773	0.675046050203181	0.5791984596377351	0.5807201271538579	0.35913535341378733	0.6069522905374031	0.6364001246272057	0.6871330704219907	0.43597487092796494	0.5682814450162433

0.4132407979146025	0.6144501843569143	0.34261022533938973	0.3473974757802394	0.49337415951310015	0.271298955614316	0.3428987468041873	0.3170670155189055	0.26822350568000264	0.39083737195044876	0.3539364959283615	0.43437510113918104	0.4585837823125136	0.5473359066810577	0.45777060112782086	0.35414694030009036	0.38747568052653714	0.3592871804043426	0.40967132621245594	0.4860576781708046	0.4154056576825566	0.33099436492752443	0.5800271839947282	0.5507379983156848	0.48440893937091056	0.28504926470407305	0.5966815275032443	0.5003959724220433	0.6110409425409842	0.42731291190544884	0.5212609428649351

0.5174333221334182	0.5809713311291089	0.5414572088398673	0.38224030044371554	0.54558410709536	0.3342759301638716	0.3732984563653459	0.37999317165647606	0.2659660800115352	0.450424639144996	0.39451232183595797	0.44943575995967844	0.5062904562748817	0.6108981327265597	0.45153222878078925	0.3957735615588138	0.46936918662374505	0.44583262035064897	0.49148320146344787	0.5345940545342048	0.5047564961430497	0.364528762812173	0.6085630296119422	0.5817587637014293	0.5349818911825	0.2629355515354804	0.6071061249519787	0.5396997837780559	0.6374227177367124	0.43169032939359275	0.4915825757902264

0.3566427000703509	0.5446260874370682	0.39317851712331753	0.2903932495125237	0.3998060078165121	0.22005289760874935	0.2800108732028366	0.2646917191730294	0.25945439122227915	0.4305662020454805	0.3248003704502323	0.3411886826647673	0.36695786322088775	0.4703070561807874	0.344925667644581	0.28130281772977916	0.3712312449424654	0.2943803106089179	0.3104150194550297	0.3623892985345434	0.32243576787357764	0.21110365699973493	0.4883091985663448	0.4885574903819063	0.35757431503368886	0.2285583723170482	0.5132532376073325	0.40688485582585615	0.4692273238787498	0.33151909437573535	0.3470875122066827

0.5219745816335316	0.6420723538775946	0.47427719872031476	0.37124761238492754	0.6103872256269746	0.3366732250059138	0.36163232877676876	0.38078322936018383	0.35797576301786244	0.39541224094757954	0.41682821617226395	0.4352635505405676	0.5041147818911962	0.6390271923709263	0.551515109819566	0.43524941546033097	0.4933798225576995	0.40390312247387794	0.4675952491229234	0.540779014018868	0.45642738072068045	0.3413118621059108	0.6294272937725056	0.5720528847563577	0.5140074514623529	0.2863605009392269	0.631855217364741	0.5680014688794138	0.6661619489557347	0.4650536572072127	0.4747161216191875

0.5341899343326876	0.4494875399179744	0.5129855894375338	0.4412575270502107	0.5208012355417956	0.35148227441423074	0.38349293654729655	0.3734120036817734	0.26268102752851236	0.4489934016736315	0.38051069761338685	0.44705168857892436	0.46944343694046586	0.5654303394112878	0.41490737899583247	0.41887528291685505	0.44093168049497256	0.3831622556102409	0.43070608739516986	0.4965316046853012	0.47089043313519086	0.4019518316755831	0.5530224582397907	0.5157675803879231	0.5638783510697606	0.29205625290365944	0.5297579458578625	0.4934287350463783	0.5788201363058723	0.46147542700172506	0.46089836432314824

0.5354546159436673	0.5119414072981923	0.5354477965124358	0.47114417155126315	0.5412841888301893	0.3484216682041549	0.397517417757699	0.37591802644558486	0.2823573606427976	0.540155652405732	0.41452386646853606	0.4167548269220118	0.4739950329256925	0.5663439586184391	0.43335117943788304	0.48410018715555014	0.486493614105567	0.4135087797942917	0.47642318333307504	0.4750411038658551	0.5352090744536415	0.36706943007194165	0.6065550465651137	0.6037878388078407	0.597082380778166	0.33791663810250683	0.5540080749228276	0.5967136247341018	0.6099647647863198	0.42746567650485545	0.5095113793184362

0.45607723556960766	0.6156010576367579	0.4148729854105009	0.3590116462017247	0.5243625959154116	0.3563391838948049	0.3734736445179984	0.3985173398982263	0.3201881604462651	0.45914588137772505	0.40488904929582437	0.3547962730224601	0.47285680200280344	0.5391509326628875	0.4417253685400191	0.450466187440865	0.4831476311257487	0.34380606800155356	0.4157330651446502	0.4703418745606095	0.42466914820279134	0.3227965784245005	0.56603628016614	0.6168847088265756	0.5510080060221735	0.31663136004927056	0.60316640444725	0.5710289457632078	0.6187033779752132	0.442354212317566	0.5103483698161778

0.6899366811400593	0.3920035120700972	0.4120848814477379	0.32681662307513804	0.537064679935242	0.28400753024666975	0.3407380104087943	0.3173910466690826	0.24654801386641767	0.4494640128253108	0.42855348405459065	0.4224255428011686	0.40910293035203604	0.6334953854786382	0.4160479376676752	0.40822471332231014	0.3781280269824661	0.31916665435871494	0.37788561306607293	0.49088835671053455	0.38201256638317993	0.7057461130028873	0.5634290276663154	0.5248243374321231	0.5026108036225666	0.773303198371416	0.4524884129112281	0.5070496482072806	0.5844276961221273	0.3134347678765337	0.5162140464339728

0.5695136304456434	0.5500393310147289	0.5021644618749093	0.3238866933760236	0.49726653363493933	0.29227967602937227	0.324299160024562	0.31367438403633474	0.2432346611013734	0.28624395049940954	0.536055712400615	0.2760839534761634	0.6004648863164932	0.4310416835315881	0.38695694018552207	0.4724504453470721	0.6496306862472951	0.6343595754464462	0.6602516999758719	0.4176200639357663	0.48508405854405684	0.3085674916686103	0.5183327139792697	0.441132919907506	0.5018127410318252	0.22633555138521033	0.5668087642138374	0.5406295099530758	0.5565730812297583	0.3926744893563129	0.4043876986641267

