0.8218090418943924	0.6718505198956323	0.7051586494991365	0.7775357111199056	0.6766608061459626	0.7301597278538816	0.7002843808970376	0.7185130311756207	0.602765015857386	0.7366100647128395	0.47818703294237236	0.6408857440679483	0.5985968698301094	0.6185140842835073

0.8951834361078901	0.813173767336222	0.7427509984557087	0.7653046706332117	0.5957614242859901	0.6109058994108382	0.559764813863497	0.5076218386848306	0.49147890560542984	0.5561870136270167	0.3959441378120659	0.5435555418124208	0.41744819564049795	0.5521030407994538

0.706833985933265	0.9620426333749876	0.6198822882661836	0.6523989597714633	0.5772825581509792	0.5233554802262783	0.5288193022775478	0.49956160762856083	0.4902494036152555	0.5621011331964987	0.4361300202182176	0.5660101490753964	0.45853210780604986	0.45072564271286564

0.7534381130064756	0.6346611369482971	0.9774432854613639	0.7128874274016281	0.5421630109909277	0.5758291365101056	0.5639682583990933	0.5576594970999622	0.4580237086328457	0.607220830000895	0.3783053767845428	0.5434298345141142	0.4709778552686448	0.5698821745534164

0.7254535453854504	0.6201081683943641	0.6585183870090001	0.7130526855922806	0.5656338949358729	0.5790753128664377	0.5363420514229538	0.5359058251081666	0.45399005838777856	0.5929376259053789	0.4012288458358469	0.5112665886445528	0.45064893643777304	0.5410437277830663

0.6629771814323906	0.5989490015738146	0.6010677175524922	0.6893562573858186	0.5222484708740254	0.5582338832629898	0.47006543027144976	0.5963154953153138	0.44685023193077067	0.5341049720495461	0.42383401492487915	0.46859002186543663	0.5034590800877041	0.49157120330686205

0.757272140609069	0.6542622868178127	0.6237842689736863	0.8446133135247227	0.6552459214728925	0.6682009806483076	0.5964778413599787	0.6691516388524854	0.5597160551856083	0.6313691524224982	0.472125035464418	0.5451216260599094	0.5671530471626561	0.5294489251517289

0.6456974712358834	0.5994212570650165	0.5448808522763915	0.693531795521799	0.9257993699758679	0.7546216748455766	0.6333897156376163	0.5457446464871216	0.6537864263996032	0.5706032182669971	0.6318617231784995	0.5049073203658542	0.5239617974498076	0.48249823253386936

0.6881583543094381	0.5785994263256937	0.6419745104435747	0.7640199877233643	0.7467484120695722	0.9337929490003618	0.821271482541786	0.648391563050603	0.606784508377487	0.6319702102384369	0.5238094499548815	0.5479805914954082	0.50459108473282	0.5318314421691578

0.6336670442273412	0.5351777327319343	0.5658179703599308	0.7031182826438505	0.5586261703829439	0.6148427788772277	0.6074892779174188	0.8169153547401571	0.4374581627980141	0.5586518944945696	0.4389389148259991	0.4947971290971237	0.5365047983391887	0.4370320372333447

0.6879837169363237	0.576113699887864	0.5683359658994749	0.6921376115220199	0.7299019333866457	0.801786811746708	0.6892387491881062	0.6229481589025787	0.6321505820691989	0.6107265025960775	0.5254543445129102	0.5645745323936936	0.5116013537449013	0.48049146533390585

0.5417507651671261	0.5194341271553772	0.47006812692702793	0.596075813624497	0.6716398293545832	0.657887802106985	0.6221942249034177	0.4951968970005803	1.0	0.5057795243103209	0.5049046050455593	0.4240709906301253	0.39552147738385224	0.3823945511515279

0.6209737464852305	0.5466043978488893	0.5428718534956757	0.6620397992513338	0.6854616228419819	0.6451968931118177	0.5901627556110098	0.5518382050483899	0.5816946672569896	0.8612399600271963	0.7833335374218675	0.49286641936950054	0.4387016733925262	0.4513172205733109

0.5954709995229504	0.571631393596894	0.5506886208595421	0.5601738986295274	0.5017558846913612	0.5394022810944387	0.504723443764566	0.4718426632531792	0.42293245798221724	0.5528953235565237	0.36244044115714835	0.9833532209711455	0.4244122070034457	0.4979035728841983

0.5731950611266057	0.4741426447140843	0.5322524775174651	0.6088972113111379	0.4490925609678123	0.47938407526522797	0.4986400143427761	0.5042951922915678	0.38198624813463533	0.5065681328353828	0.31493265952327415	0.45114326697289453	0.810500114554464	0.8052237625058403

0.466371626663146	0.4887973497708725	0.4488064724385553	0.4916336359258552	0.5563352878515185	0.5047217284409298	0.48030083404820867	0.46713199595574384	0.4378858142892684	0.42980763861284726	0.4671614283084453	0.3967674043806154	0.6727507510604447	0.6126520272206145

