0.8065745924850489	0.8826430506921266	0.48011790454958414	0.3640550157782326	0.4656395416836983	0.3219295824292664	0.4985965321686648	0.26544501354555045	0.4168151627744814	0.34764601523626537	0.4765497634179408	0.3101755270058718	0.3132521947304187	0.43353358033320377	0.4481539660628085	0.22629561597538447	0.37998386400753215	0.4090043073164422	0.40354097122063576	0.39984151210980606	0.47619749104727205	0.3699740422178025	0.33874576540983065	0.435312174398562	0.2844308387127046	0.2055711113693643	0.5210430353636337	0.4091056690243652	0.32282214401305465	0.37993272678220325	0.26608149628303024	0.30904369033197854	0.2966895111938114	0.4828955699215526	0.5503834219260941	0.39261954139966415	0.3461333352073773	0.43039091844682975	0.4481555713583905	0.289804521557957	0.23888644449203383	0.3988883616835993	0.3389965829939451	0.3016266477034646	0.32872599137705694	0.4495043404951343	0.31959956947584983	0.46455317511164895	0.3912487213480501	0.28605938916747853	0.4572666658681521	0.3241515122290377	0.4854407197175607

0.709839480535928	0.6072866234572041	0.47471251707194345	0.35172651683853984	0.46684886340715825	0.29038147302027595	0.4382179676952498	0.24284447144025034	0.4115102797174837	0.3871990161713845	0.4368353507763717	0.2706547811362773	0.35831348890065173	0.44649139095763085	0.35740456702091744	0.195992784716549	0.32035225356596525	0.3638244184609014	0.30189047982652184	0.3473773001570625	0.43704363662838863	0.35566581434741235	0.30930083010539594	0.40492875275009843	0.2815239352742445	0.17536435078704965	0.44427560770405694	0.39574784802057555	0.2784933526820219	0.3938699047622397	0.2374356145792248	0.288172416325739	0.28930937571666254	0.4127238982858382	0.5192410039611476	0.3550772837483837	0.3355049329763308	0.4204745151537513	0.4469825022890891	0.3074667436260756	0.2228593316477603	0.3723173012725173	0.3237421211317706	0.3186362341569675	0.3187295312404498	0.4482027157444462	0.2709725464883097	0.43577197280333085	0.3410693064755457	0.27249129113741344	0.47563256538359955	0.29361760404706455	0.4674740601865034

0.7949179206454638	0.6413479158937294	0.5190797521832882	0.3881683939606485	0.5112262471345023	0.3296261888014673	0.5120234718862785	0.28116462612172527	0.588866107202197	0.37966207756302156	0.4990080690977265	0.32193078812127673	0.33685576098290354	0.4544627818435561	0.4137925210394602	0.24512925657261816	0.3796190307303393	0.41610929713677824	0.4212587617833129	0.41513950954904527	0.4891201711945832	0.39706974903622566	0.35156725106122994	0.4846881837107814	0.324771156771918	0.2417046710705241	0.49888841657796634	0.44893005034233147	0.34771915793230346	0.41252930896796497	0.29056880674741087	0.3263061176335297	0.3306186332837552	0.46793693249806584	0.5583871633816215	0.4283620913431061	0.36457338705637155	0.4763416517861271	0.47155733054267346	0.3338458094806648	0.24557046131360075	0.40919649554648097	0.3496357242119056	0.32209384780834005	0.3533745795811525	0.4697996990655952	0.30994782581699	0.48213276265573785	0.39787163884183807	0.2885293049894966	0.4631594955521326	0.3351096873232043	0.5034712929076468

0.8381859615765219	0.6973914593676923	0.5057011440945579	0.36096231934804335	0.5148071566642956	0.3065194515092596	0.41902296388210614	0.27389504844152146	0.39812205974503867	0.36056889436064193	0.4981828914471116	0.24576575666544825	0.3358948982358234	0.4425336499285956	0.38336885288563616	0.20227619352670295	0.32573364050787923	0.38122660084652693	0.4011071567270888	0.3060942052444171	0.4327777109395039	0.3602253517446794	0.3041243938589653	0.4882625662299863	0.31479941350109286	0.1950006985522942	0.4351943138472262	0.44740593469875045	0.28731376883177184	0.37493648147420644	0.2509481804680478	0.3603562906879296	0.325859520633649	0.40999247334558886	0.49532521947804486	0.3303730551977002	0.326398806738011	0.42381462981926776	0.5155288406958494	0.33767437088248486	0.22209053999723277	0.3960913997180521	0.33418551276062547	0.29434298014204013	0.29664564587487297	0.4508701653579291	0.28362218455293786	0.41301147179330727	0.316502690006115	0.32878316916050854	0.4322410880028956	0.28473360710779866	0.4605934981225581

0.6902088059659168	0.5226397741126585	0.43638487656650937	0.350224207797887	0.4867405239449344	0.2745110083533877	0.47100142680124224	0.22360066409368373	0.38748180365188134	0.3299808541706433	0.43695786670435216	0.28329992356880307	0.3177881015200238	0.3917811348049969	0.35384612283734707	0.194343989476227	0.3578055044689664	0.37714746053218895	0.3350348437335927	0.3772230015304141	0.4706626147812586	0.37556642979470967	0.2962369819074159	0.42358322980913715	0.2691641294808952	0.17175421159578858	0.45744895208397174	0.4149917554283922	0.28887116820260506	0.3924201319167029	0.23738792488577826	0.2753868712240448	0.27528767742078375	0.4544208356917476	0.45664393811107734	0.36998114494048606	0.3201480473852468	0.4159248698877906	0.4345041529155419	0.2780495247056833	0.20213434537057912	0.38173512949310984	0.29793828530655836	0.28731264007072066	0.32720384906979716	0.4022347103846282	0.2811172616796097	0.42878325665674666	0.36355575162583326	0.24298135931494724	0.4571522281814918	0.28885796011757775	0.469481228753614

0.5372416193674638	0.651796927585073	0.4538140869551852	0.34294567539160764	0.3994073211387902	0.2676710568270096	0.43671554843554905	0.21674763471583236	0.3711631006262426	0.37266296706913016	0.4461905154634883	0.2623978769670726	0.3057283481140264	0.3833854179336377	0.314849294661093	0.1931199097916777	0.3226277873925837	0.3697015068141178	0.31771492407538915	0.33093180946156386	0.46601583418016695	0.3601554168772856	0.2814113741199662	0.3791556527773301	0.2622611828347432	0.17274846367200897	0.47734743438002425	0.3936925101596114	0.2721827969512991	0.37364474244108564	0.22258103612853716	0.273007797165013	0.3063616413211683	0.434944085213455	0.4575827218074101	0.3614972140730787	0.3317312447005579	0.4462193735102911	0.38488756516894485	0.31764955189038196	0.19599901755261273	0.39606234042904176	0.29467790045566455	0.2630384915341666	0.33551598890083306	0.38237529825240785	0.2682492001161626	0.39026002065576626	0.3410070403276987	0.253117568999767	0.4489035910007613	0.2735732459473521	0.3984262083702631

0.768561580570114	0.5618966601070732	0.41375581282346074	0.28728583492823306	0.4105216344110171	0.24694544481692476	0.38000399144375785	0.21499622816655822	0.3219113960097726	0.2915285544553855	0.40094684253998136	0.21879652623925994	0.25663287762825204	0.35753018177288576	0.31390749381135796	0.17320061508383225	0.2595883585042249	0.3146357703380467	0.2804087974486374	0.2781911184604772	0.3505272772539481	0.28765746635997613	0.26163561515145695	0.40079645913561357	0.2550717075795359	0.15526295943350366	0.37501827396323834	0.35186515035056554	0.2061516923700788	0.28948632777959105	0.21098311203669767	0.2759905680751519	0.2832410500279533	0.3352999963596298	0.4203544831081323	0.27108908378711466	0.2737659552371347	0.383949783156112	0.3755245334152894	0.24851898974289005	0.18686281950697223	0.2955453683573337	0.2706714559750629	0.2264917153559145	0.22702598007045083	0.39107936236943197	0.21738044398116957	0.3265237178349977	0.29542992236074683	0.2307031859818119	0.33294688621966273	0.24293617220227265	0.3929386538866136

0.6327087625594443	0.5494795330356426	0.4779975006780136	0.34015352088568895	0.4802944604902092	0.2913421232666568	0.4435452609694599	0.31997404883999647	0.4002106336701037	0.42417876532721643	0.43359845440293737	0.24761025353029148	0.38266582590133225	0.41476065656818484	0.42286683543021397	0.1990640143436075	0.32383019367157556	0.3807118265768351	0.3760902555793584	0.3142849307224648	0.45916881873726045	0.3717014258563487	0.29013547264059625	0.44347678642228316	0.307190125517658	0.17925845582529243	0.43570239951487927	0.45221518842716646	0.24430420623171104	0.41407726577961473	0.23531898381800087	0.30779584542786764	0.3379327986838435	0.40316987892078104	0.46255507646574023	0.3290063668955532	0.33699964801199717	0.41254859776992325	0.5037476722096431	0.3098786189296306	0.22318974395697147	0.3917061884671641	0.3116316654707578	0.31629549886882913	0.310383217669555	0.4317301111871996	0.27640836582953066	0.4527626105795383	0.32008638822231666	0.3029677582570026	0.45675725370111864	0.29505538373609136	0.46576550693512436

0.569351506765713	0.5263996106851618	0.5091557844420705	0.38340989020554295	0.5693578652380762	0.3656970744399619	0.5623571591536252	0.3365143555776452	0.5224868105471209	0.43158833928238227	0.48981084954664195	0.3409064459604931	0.35238944190291466	0.4334276330593505	0.4494962065217958	0.2651813872168619	0.38636853348324507	0.5828591411476588	0.39085989365186197	0.4635148343731715	0.4980541962129531	0.40287489743241833	0.34932920364921916	0.48205156448775244	0.30010778706705654	0.22625151294715273	0.5935196577981308	0.45810220612403435	0.3903528104723072	0.42953148678214814	0.2914229795756048	0.31366078486280513	0.32404030759287217	0.4849329089449762	0.4898381376426931	0.44834542985363895	0.3907381891371781	0.45150026112561226	0.5065097968965273	0.31245196432607614	0.2129681809206026	0.4216780704534256	0.34872697763933796	0.39030315213629674	0.3708214311629483	0.4794936289144903	0.31397702959622525	0.5203342470622945	0.45821103268000485	0.29730086584252513	0.4944281507426453	0.31762951681014656	0.5543648129291935

0.8370613926930653	0.6611911823004013	0.6055042834255873	0.4186298595079343	0.5326924684070333	0.35673917955129986	0.533546058845859	0.2792343663879487	0.48307964804877246	0.4053988748300457	0.5250740115030398	0.31878787102860545	0.3999783803582667	0.46723476755336946	0.41107050762967784	0.2404412394684465	0.37758710010343943	0.4535587410502755	0.3825699871677156	0.40723823466072595	0.5178818855354959	0.45043864770316333	0.34679576763648434	0.4842173632112635	0.3417019132652351	0.2194497624803921	0.5549022454392856	0.4741250179586744	0.31534137664327583	0.4597192627994121	0.2797113100500595	0.3470228019486422	0.3410323311549456	0.47216925873441096	0.5579506681884442	0.4184180688806082	0.3947590896902638	0.4735310999127037	0.5112533525962304	0.35476452904564815	0.24551738033242637	0.44609043645831503	0.3754239215037375	0.36721215548781305	0.37971065759353384	0.49327066661840036	0.31561964857758734	0.4930919207304416	0.39881959458500105	0.3257104392227209	0.4989371164695944	0.3321678137788135	0.5316416668788457

0.6524776328987969	0.5447723749161106	0.5004137444276786	0.3278630847453745	0.4702483254534411	0.2648901712605891	0.3838066555643603	0.26438167234645005	0.32553973735401187	0.337185073889938	0.4313542571454126	0.2087281126832883	0.34888910893868974	0.4144472436507911	0.3244523150125006	0.17528396969308518	0.32411496301188014	0.34784501829117065	0.3344814351765052	0.2686642781254298	0.402312230915372	0.33878065404240193	0.31294529003268484	0.403745264353504	0.25246963124793886	0.20331875495919755	0.3996000228644636	0.40055595938878985	0.26694474194463286	0.37984355180546714	0.2588522830159391	0.2949392496383021	0.31390983675559525	0.3825037576752508	0.43458600624675103	0.320973531352862	0.3021177053438052	0.40668396482598473	0.413068024105685	0.28699768724292707	0.20227937173968535	0.36819947261843167	0.3138500413525229	0.2541443836726533	0.2775429999605892	0.4250035182108072	0.2703664761551463	0.36162192445030567	0.2791471242504167	0.2597303478141509	0.416184625492775	0.25224619321123093	0.43175026296925745

0.6892373171177069	0.5470454477278213	0.4752523383422622	0.3467378650262135	0.4433927133615504	0.29836518881747953	0.4544469850286891	0.20300519162286518	0.38144205931343855	0.3651959212266549	0.3930832296747476	0.29201405026647465	0.30390118475149075	0.3618325836452275	0.3753415111035845	0.2103307897778278	0.32600461466584	0.37052598628327016	0.3154709280295637	0.3695556703594245	0.4534302449938715	0.34147836386081887	0.24353005092467503	0.3053792611935786	0.27570892640008815	0.1371087828442838	0.49259855800135555	0.3619778952691739	0.2840613045233583	0.3653277147428071	0.22710461973931295	0.28378939356402666	0.25143971146945976	0.4251713642393935	0.4935524435136057	0.36973705287965564	0.32478217399998743	0.40789503508805647	0.3492247482407314	0.29629778807963036	0.22686280503463324	0.3742809439017195	0.3020383138319576	0.30007942782362584	0.3324294501309333	0.38887401119502885	0.23861170577976484	0.4025581911737295	0.3624153607877632	0.265607362896217	0.43641908985985545	0.2907258375002878	0.40813392012515703

0.7252000092455795	0.519502745338093	0.43181131805850065	0.31670359159599204	0.41649787089993023	0.25672592378266856	0.4295546712294142	0.2209040670596556	0.3630472943246912	0.308579918228273	0.41814318808722123	0.2575922753083003	0.29529267394361103	0.36733515881469453	0.33685729470681725	0.17405274406279048	0.3088691170488279	0.32756428183738345	0.2870016887481161	0.3470167943388442	0.416907632724253	0.3311803076507094	0.29423083175371284	0.41103273381377664	0.2462008448410068	0.17080364611788462	0.43519924897977286	0.350197819435156	0.26259932069756076	0.3285682779150906	0.22721163842405817	0.25702935723173514	0.25807537778949574	0.3690088204144037	0.43382965367525017	0.346776714272496	0.29262159934713733	0.3928715059168685	0.39915228435294425	0.26456459109380875	0.18983105080343354	0.3310745261265601	0.2891447446708404	0.2496545499252868	0.2898880874460127	0.39009755012871583	0.2437141744449312	0.38604469078484244	0.3397427755953631	0.217671365283759	0.40032309248625114	0.2628103460234503	0.42114966071487026

0.8317265071877462	0.6318398357325026	0.5336236305019546	0.4134124630502343	0.5150142362172025	0.38566170247619336	0.5206624758487584	0.2380955052146922	0.4923641020723559	0.3628978048305404	0.4513344037287641	0.335157908449355	0.39138820843367084	0.515138534060097	0.3785401858943509	0.2440100200891024	0.4073590602908781	0.422508374385143	0.3471983152685995	0.42540725080354136	0.4736133971538151	0.4755797254599533	0.3128585899811443	0.3781456812916778	0.2756861151675351	0.17958814244337895	0.5172870504197228	0.40847909953470035	0.29394089169280724	0.45961058714847935	0.27548641864321544	0.2885470987345221	0.2908570869874151	0.4031926291323363	0.5645933635713435	0.3910745345834373	0.3419621379845273	0.47710009252815544	0.4408513649909146	0.3191301488341105	0.24523109629556877	0.35246823655442683	0.30964944345664813	0.4037153321974657	0.3663274629454484	0.5256739386112168	0.27166232629379966	0.45775309734779146	0.42111741637992134	0.2489421322133895	0.4566865775421144	0.30918868011162626	0.44960272650319794

0.6183529611728946	0.5691765642840378	0.5178362040505817	0.3948736933279289	0.4565456699344609	0.3353924504539388	0.5098647768218189	0.2524173124799052	0.4270731921275612	0.3907262651238108	0.4604803743820416	0.3295968026263763	0.3276422648503733	0.5617221634065146	0.33743861847163203	0.2481963685723078	0.4734468483872474	0.35976610530494074	0.3220734197291988	0.42965495100222095	0.4966409101404273	0.42900058531063323	0.32698094052795745	0.39318257938847023	0.3011903252822952	0.19593793671132642	0.49943795527585555	0.4170362431695404	0.3721744045449336	0.4058058418726277	0.29401520605298154	0.3053506713805304	0.2945747245455564	0.46840823558448996	0.5185071014857251	0.4112060804184013	0.35445070874545925	0.5142337160565152	0.37818140225997293	0.37589834161528124	0.26200685619022446	0.42654016132458084	0.39668798209118666	0.4187501842627819	0.41952144953999515	0.47511166102986535	0.34534046881059605	0.48772575349411357	0.41439061849178405	0.25655082925569417	0.4762586425181315	0.3272824571418939	0.4476758018077134

0.5530064148292968	0.4855943572509831	0.4660206244846437	0.44261654139305995	0.5097896897985198	0.3572276028728231	0.5473258841452446	0.2686165781195501	0.47035367685994406	0.3844386491961337	0.46681123882258957	0.3579293994895076	0.41745783903532463	0.49758192406204416	0.37336927083949434	0.259051692375374	0.47196603304862483	0.4387934406361834	0.3566481030894608	0.45963666462941916	0.5423247398259579	0.46284526947278787	0.3424830090881439	0.4493737313885988	0.3128026752134522	0.25220699543996195	0.571378422158997	0.48948351201375473	0.35797314647279754	0.4377572848236875	0.3053258338294399	0.3056484183585617	0.31634456907345937	0.4981386582439387	0.5090103297300597	0.4424330964948672	0.38894068631005574	0.5338838580577762	0.47866880974831905	0.3387726408751573	0.2675564185737536	0.43811998019305315	0.35603377242464507	0.38718240024688605	0.4409589756729546	0.4876244330024818	0.3536580169289169	0.49416070565387166	0.4444971926262319	0.2879254158687505	0.5070343704775347	0.3416716213836818	0.49412415483116595

0.5897709212448261	0.5562619418102817	0.5539356575871119	0.4949496300192466	0.5243424421056864	0.41054794707153786	0.6041522141888362	0.30366763623538484	0.5450323275610002	0.48450643936990845	0.523143687816213	0.40970241800818075	0.42513029422434523	0.5543555335054964	0.3995430175026785	0.3008640779258555	0.45756671069899263	0.4558186096661796	0.3769936248356582	0.4616989541531121	0.6180714113482546	0.5601070324155615	0.37264911623928826	0.47369217392744434	0.32908331694916676	0.24510631334555721	0.6253959464014457	0.4932731284663137	0.3642205831107425	0.4870479661449104	0.33287591560882845	0.30889951421106293	0.3793467235972635	0.5222649353089763	0.5546388875887028	0.49085435860649246	0.4194930615324222	0.5924666558894209	0.4857233279426024	0.40916934064128097	0.3102299497025174	0.5105349106250112	0.3796116190429146	0.41382960366569876	0.47535383857763225	0.5288352439458612	0.37274993014324587	0.49625442159912136	0.5032318915643104	0.30086971857272027	0.5921363393293946	0.4027198153293065	0.510382993216246

0.7077917677841229	0.7053660451422703	0.3885616270597383	0.3299050350240098	0.40491548426289176	0.24453640369116703	0.37627292235027743	0.19379028195031123	0.3446591771994796	0.29941899279538364	0.37471600898925395	0.2149558055170892	0.30111641237194475	0.33352694598243593	0.2991867359165298	0.16821989404397736	0.2673861088148134	0.3309928489102013	0.27123073080060855	0.2753532536876027	0.40909615034043656	0.30807056278752454	0.24182972599261549	0.38386354814341933	0.21469718705734153	0.1476050413103287	0.42145136364761127	0.3907755784577308	0.22887302583259422	0.32283574351352773	0.20293653651339838	0.24111962710308385	0.28749464407170533	0.39184818360490137	0.39969659767552557	0.288737532659753	0.3049617466925807	0.37881892765926894	0.4013182787743085	0.2582762697462728	0.18207324566855498	0.3428700149714371	0.23639857721000582	0.2378123220243249	0.2769002776653039	0.36740979890278325	0.2236419548458068	0.3575744232305201	0.28425810339028523	0.2225160215282132	0.38560495855468857	0.26444949115115124	0.36737133444851633

0.5768903862707137	0.46157156959208	0.4448310586960607	0.36446037646899077	0.4455782954530426	0.2848490101257448	0.46001676780858564	0.23021820613034055	0.40206039403987937	0.32517462944755887	0.4857477842970707	0.28538090251956905	0.2945778994138716	0.38003473428501044	0.3450822792984162	0.20258121794736544	0.3514264229421865	0.3725261767696878	0.32183695614339475	0.38418425992024774	0.47588429509400065	0.39267710008018974	0.3037873506659254	0.4085505662377205	0.24312500689865296	0.18102858493019713	0.5056060687368349	0.4010290941435847	0.310409717328798	0.38375403161612515	0.24688133171445914	0.21319369995119772	0.26827203103629454	0.44197579857376973	0.43629151373947106	0.3984390544029146	0.3330556915083387	0.4220809027851311	0.4010803948952839	0.31413117137761304	0.21864285514257	0.386828860736261	0.28431292137917663	0.27665726309630767	0.3444931395481653	0.4013918914634027	0.2984711426656204	0.4209739237876654	0.3629814555800685	0.23546930879850198	0.45187774539384024	0.3114322092789578	0.4468212275644165

0.7326258586851835	0.7420122441674981	0.5228888191393122	0.38245065350284774	0.47747025126573783	0.2990446016097069	0.5068603136417086	0.2673710876729233	0.46453990287250363	0.3381617809774645	0.45174667098109933	0.2986741469494494	0.3550856833319731	0.4256666014961809	0.37711420645437277	0.21340824982756604	0.3735776427642888	0.4116922178364052	0.3535707701746359	0.3833898716377042	0.48081005199046245	0.3965184858161745	0.31797272264800225	0.4307115448985934	0.2696761520034902	0.19742104326545445	0.4928456628299952	0.413842445319709	0.3143363781256319	0.422349912952116	0.25765413703729523	0.27404233864895133	0.30498204045070665	0.4827779045246626	0.4780587603212372	0.38932639313899153	0.3679672891499749	0.4332700416988645	0.45544671001994486	0.29399062427981687	0.22628486471000964	0.41659824795737666	0.33989552835709497	0.3458721175974395	0.3453634041879856	0.43650725082979236	0.29871763849641064	0.4434734576598022	0.37874462294155564	0.24662818953555893	0.45861310406367234	0.30752508784871424	0.49690122870410575

0.5116344647706393	0.5063921723680463	0.5889124917465851	0.4448134012805	0.5065343755200418	0.35188565308255965	0.5121858390048616	0.2860136074011098	0.48305796740330675	0.3972706551891301	0.5049566521261335	0.3024946543019149	0.425879129404809	0.4610489407686328	0.37821888905392476	0.2718359351293431	0.422778943206925	0.4349740613853263	0.3843494361786511	0.3914163759704618	0.5515752594337727	0.4503161466542698	0.34656427896409764	0.48259171774187326	0.2578307789288492	0.2480657237075421	0.5468128606992725	0.5063390687662925	0.3499915798283285	0.4625707223788135	0.2970933204012829	0.23347220390826678	0.3401014815585523	0.5130731971804563	0.4657766985575632	0.4290747467326949	0.42616166931147414	0.46621653004159025	0.49842610466025783	0.36312592903032515	0.26080957565790475	0.4339068421103913	0.32861689759422674	0.34305910178263405	0.4000006173191663	0.46815609752837084	0.3698237152702929	0.46523725597483623	0.3774484189859051	0.28347634620107975	0.5290023438002646	0.37267761020165036	0.5186661433883952

0.5181840645076987	0.5208429136793894	0.533728293153399	0.4103633841651567	0.5210395546704835	0.331731673415979	0.5110568609981632	0.3303393697276321	0.43270605439713167	0.5240659371915795	0.5515824418215691	0.31251630354080323	0.3665419824845889	0.45501052964369326	0.4662653356429654	0.25228706709237136	0.3932685485457992	0.39419867554136745	0.4618361333539177	0.38005288034576323	0.5604543796170137	0.45749345526461016	0.3537802103699301	0.4926409580298251	0.35613677416299194	0.2051650090746771	0.5210957657565907	0.4688677751818762	0.32617378546891096	0.4552665817904379	0.27764720187380265	0.3550412468658975	0.354431519236076	0.453926608599236	0.4996694656385115	0.4222906445519816	0.37575344382544595	0.4957859996009657	0.515210658855258	0.421658810822215	0.21754980791975956	0.4316514283762969	0.358524230585172	0.3234469270176483	0.390977305992219	0.49009760913128436	0.31739878047195846	0.45279576257554116	0.3878668676277085	0.387653026753768	0.5081048010845094	0.32148272859108074	0.47940401285693174

0.6205603816290584	0.5806243036830333	0.4715903591563007	0.3486973865403722	0.48639367988178595	0.3137037185538515	0.4323117351192448	0.2727548234094193	0.3967516310702231	0.3614626170273826	0.4632712684939429	0.25576586933717244	0.37717566516369344	0.4327832436535264	0.36082190471694686	0.22681818107132268	0.29388876582969137	0.3816890148088219	0.3478985974879607	0.3099120704037733	0.4320030821613337	0.3397711568346807	0.3011057399200727	0.4461367359139192	0.2942546754137278	0.168134935121447	0.4401042789319576	0.4381470639896559	0.22652334543282665	0.40591416648381523	0.27763059205834834	0.31090644416051816	0.34350606276081463	0.42804186680355305	0.4568863468387267	0.3315856193075409	0.3450580491881891	0.44838619792061707	0.446276037624744	0.3116872946139173	0.26058921373187605	0.36484424473662735	0.3014804004507905	0.2859078501795731	0.29519240670393354	0.449258093007031	0.2721846504382304	0.4031676404644191	0.3187846110522544	0.2904442972539103	0.4559203566520594	0.33635812567149126	0.47361714010566486

0.4727536560128859	0.45812185653319065	0.44414941999202917	0.3527179834741532	0.4635710094500586	0.31378382768618074	0.4603408104553288	0.2181362712366279	0.40647929861378074	0.30817860706287187	0.4196385559005381	0.24978792775438852	0.3875093803436116	0.4010993527951414	0.3090143542739292	0.18273820272067598	0.3349485551175922	0.36441345381915763	0.29689408955855373	0.33630549628363066	0.4494538641143574	0.3774965818143956	0.29049784220559427	0.3615479940935278	0.2164215501790232	0.16762513865778722	0.4568424484142076	0.3943090363076267	0.2968627477526786	0.41562496180388286	0.25347359838399236	0.21743719258849756	0.25913570740783026	0.3951914776339612	0.4194817749182008	0.32313071388813236	0.3326792775502378	0.3626224075906639	0.4040279753341791	0.2790193637982058	0.19009358766964296	0.34509286747354634	0.27698107539021394	0.3302660081268751	0.3276374267886834	0.4113421021583554	0.2712417772322544	0.43971413767015805	0.3254772939545488	0.22676706052312834	0.4565195025950069	0.2601445755630333	0.451434574662017

0.5702240961290941	0.5655400234448624	0.4773600033492888	0.3600968651058668	0.5235002808271978	0.3107186062845114	0.46323062028185163	0.25663430316377067	0.4433949604116806	0.36181037604374083	0.4620927002805998	0.2834967322955924	0.35158559442667053	0.42676051805357695	0.3463795328381708	0.20268430162895765	0.3477919575056279	0.3831687866687787	0.3422551444033076	0.36256260285210323	0.5067074120719708	0.4291360681287334	0.3295307944591849	0.4628814283021131	0.2680889805553307	0.20381405927877944	0.5054164519977449	0.42005690571890186	0.302884737378473	0.42270101586602293	0.2777512776280886	0.26352579601806314	0.3114902044768717	0.4592845455479359	0.48701739039302605	0.39433800526768736	0.33651671649044734	0.443213479436668	0.4365593767966227	0.32279781402060304	0.23205131972006934	0.42999302668658235	0.31615856857289515	0.30218005805217163	0.34587051124466905	0.4316934523200905	0.29586935128319375	0.4331302344242396	0.36183878124390484	0.2521124267887214	0.5161841746691923	0.3080413337485971	0.5037227968952824

0.5135445122124672	0.48370137787100675	0.4515965046114385	0.3786178001470882	0.48050322915936144	0.3293178463577662	0.5146844402302349	0.2926725665498769	0.47633557749811306	0.3754596794890067	0.4528578696913061	0.3103233874562742	0.3675866776629775	0.42922802587664394	0.36177801103154883	0.23094995512314975	0.3837254880074326	0.3954447818399227	0.36474276998077193	0.3917580577191476	0.5332357672967807	0.4414806320580744	0.34523662965215485	0.4666566459621092	0.2924458732097627	0.24504770584424004	0.5158924466006929	0.4351325726118911	0.3440303892017461	0.4237983687759185	0.30707110621402267	0.2636665669072757	0.32074050665825826	0.4516910447639974	0.4494666314457034	0.41362906284036144	0.38875660777363874	0.4416437468346074	0.4503776989800541	0.3330382567421305	0.25780924539358274	0.4008472788672462	0.34865466141168533	0.3508685786232412	0.3648583619548446	0.43912262363381804	0.32747986824417885	0.45039327773725035	0.39039678955023965	0.2557556496460679	0.5243053834220703	0.3242718686641658	0.49095981812602735

0.5346253881828383	0.5008284222076883	0.42698820473762233	0.341078805416103	0.5005205544766338	0.2914127395657425	0.417913616859607	0.2418444228893713	0.36259364432466046	0.3495120822586285	0.46342279027673644	0.22472410678183785	0.32000278360447965	0.37684266067725336	0.34996202415823874	0.20116323416037052	0.3055213022065272	0.3310169174715236	0.36843050444776426	0.2788110418640921	0.43191200251467293	0.3692172560203279	0.27755700602620365	0.41300217326737765	0.2642742375843392	0.17214008669747924	0.4323400442058313	0.4187979216426224	0.2502228623474612	0.37669760674285224	0.22648304401738995	0.2931733593121161	0.3261341467397722	0.4173303834877584	0.40633184006752215	0.3159353998388621	0.31084199539778923	0.4055720219920105	0.4530256759641438	0.3117658190353561	0.212051780620642	0.38337426934670393	0.2697131997642685	0.2623446483594186	0.2988826760899219	0.4065479213382528	0.26200038928421765	0.39236805386546303	0.29183006440232334	0.27184062607272774	0.4135123410870084	0.2987197647254827	0.4292205980140868

0.46928342402473455	0.4730690656060247	0.43776484488839207	0.3560208159298043	0.4736493057392597	0.2774871888091738	0.42248718069855373	0.22696000244641673	0.37654074974819013	0.3277579204945791	0.41611207394985217	0.25776098637573946	0.2974068348261656	0.3799450168810717	0.3091025552595674	0.16742688615460613	0.331037392605166	0.3372768917070326	0.2673454038112939	0.34708270498639165	0.47184842717443	0.37675947738625243	0.29975893571201606	0.3734548344103894	0.24748278932121806	0.18396984964989527	0.4339377553188262	0.4171754968146171	0.2910215348343266	0.4373530873652881	0.23927746619314666	0.20543960050574256	0.27374077673886843	0.3676425554452217	0.44862326587775103	0.33980492145356556	0.3328524313025753	0.36673281793178	0.4098535327874901	0.2816151191155253	0.21093040641005373	0.33100472481648685	0.27365413537413136	0.2892189090637378	0.29539287121920726	0.4172974125146842	0.26208470965936803	0.415643171737746	0.33345109893727076	0.2037900750781682	0.4519840570121947	0.2624090698200149	0.427518456866377

0.578217806465924	0.5633896671429097	0.582241856619812	0.5240258971405997	0.5906812371287409	0.4357894980090661	0.6041878553793771	0.31188633810157246	0.5614798152101441	0.45812688946309943	0.5247702457003023	0.3836929292885074	0.46498132033886286	0.5458696704138284	0.44341072186401165	0.32667440934820746	0.5033219495948918	0.47278830230119834	0.4153047636801452	0.4812127289820811	0.5984421565800712	0.5422996003051609	0.3895815973308858	0.5051770598730806	0.32573847240106013	0.2656768189540294	0.6490816134388058	0.5204629769164142	0.4463588639411177	0.5426165742606797	0.3634765840235675	0.29196968930527745	0.40308016749645154	0.5679574772840952	0.5669473607939602	0.5596144478587517	0.4592840153867216	0.576222552819994	0.49943612490460254	0.39040378884457083	0.3378878369209668	0.5000079433200854	0.38705080964397287	0.4307692925164358	0.4695129334108315	0.5436201822524276	0.39094653563211124	0.5768117043754475	0.4743590792475635	0.31645107261562255	0.5986032884922734	0.45213863090541795	0.5823072283289072

0.6362131308314538	0.5638890509432144	0.48894808421466873	0.4490576528974811	0.5632478634196584	0.34328098992404454	0.5091621342817662	0.2670268581267117	0.4601477811535228	0.4249539970511138	0.5402810583593424	0.302999585283138	0.38892299386801166	0.4582803473312377	0.4149061388262005	0.24694563352905047	0.4165541029500479	0.4503944937900486	0.3810360816643492	0.40186610776353127	0.5396966973544304	0.4091049807939523	0.3380103551683996	0.46436649943716235	0.3065525867331216	0.21810368150364265	0.5383582371362422	0.48277061793485454	0.3701694759561216	0.4761906054798667	0.28230742502559136	0.32302732922782507	0.3536576769775709	0.5773421062375448	0.544044037164477	0.4302379551592974	0.38925234713654333	0.5095494638613538	0.49930391985467587	0.3957668937021271	0.2387466277198803	0.5031485278915561	0.3704186119475961	0.3317125578305642	0.4002600296933837	0.4695054260653798	0.38315682612514984	0.5099184215405071	0.3873358338021451	0.3069154471535791	0.5242850053538275	0.3433286429743836	0.5243526074135321

0.544058950376182	0.5167886560718493	0.5006531665181537	0.46222790984248907	0.6393004449221094	0.3969284170533353	0.5909733070337579	0.30024789730196516	0.4860363094362421	0.383140527555534	0.5668458823003497	0.3966253371044417	0.3775176701975943	0.44841453049128416	0.39809115659212124	0.2844565550711783	0.4177363797046344	0.46611146518673663	0.4570940857372471	0.45650441368467987	0.5459499295946324	0.4577245362359053	0.39111981863036216	0.5238600714135719	0.34567609535640553	0.26280727675594523	0.5846409064921079	0.49299531279428166	0.3605570564207825	0.4862075259584998	0.3105523724145389	0.31700882040246336	0.3441973497263592	0.5072385971074	0.5070624740387468	0.48660287538168706	0.39957092067763567	0.4982454802750954	0.6408290185265714	0.35455591599462444	0.25556563362244666	0.4473339702064786	0.35753927498657223	0.34346332932208407	0.41717476943388765	0.5400111606625848	0.3609933762051109	0.5000265676107838	0.4889504436483557	0.33597224808975423	0.5484311036893582	0.364349020065738	0.5206078776796675

0.4179440140997611	0.4291176901981347	0.43223524034926863	0.4083205317770954	0.5011149474077602	0.344694628182499	0.577881606545777	0.3402668543172762	0.47064365579486456	0.36523057598479225	0.47226188359248766	0.37282291268208395	0.41159974627628176	0.4371866064390223	0.4078532020497829	0.26553755904003046	0.43195808086848664	0.396077310673742	0.39430736426253565	0.48401471183835076	0.5082104256366925	0.434307628656384	0.3805944716722637	0.4797511516750892	0.32052288319214434	0.2819078941640234	0.511581339622929	0.4383012655392937	0.3817391883512031	0.42995817767002664	0.33189550916509114	0.267652075970119	0.3602183091121869	0.46009753368201345	0.4539710822261283	0.4648147518620142	0.438333231839275	0.4588891127461092	0.45389895624114107	0.32532145177865956	0.28385088901470235	0.4309942279296973	0.392585033351617	0.3771691646201175	0.38792802513239655	0.45735323261439953	0.3377276693974548	0.4797092526799352	0.44793280214262077	0.26566807201575227	0.5137141016306047	0.3694819612037587	0.5049886846898545

0.6073607693926815	0.565001349637166	0.5683249054665725	0.4121602175656357	0.5061455837573199	0.35788666095272115	0.5240571126250699	0.2942268654091442	0.48582759184654517	0.4226492894300601	0.5608859492781189	0.3241546109000032	0.3894623797596284	0.48280578118695616	0.47951836123152725	0.2586263290147623	0.46925427147878673	0.44054995666003083	0.42132271051707704	0.4124161318629973	0.5362592190405543	0.43671775446679173	0.3626291189676439	0.4938413966815526	0.33416280708235435	0.2664860932014188	0.5603149772315515	0.46378868367880866	0.43177337438820385	0.48137613782313504	0.3038772121183517	0.3362088620738425	0.3678659880040858	0.5686126595082935	0.5476278624113553	0.44680533440341885	0.39270683137772877	0.5016545307555509	0.4875015830746098	0.39865233064839667	0.2732542587255206	0.5146691991286194	0.4326933000984919	0.360382536381742	0.4007211278400689	0.485618150197554	0.42878331855715246	0.5648468784625729	0.40751493193131677	0.31702395443112263	0.5168850493885524	0.35296062875123946	0.555488174678035

0.6447940175674025	0.5535918304125216	0.5601140996313332	0.4662897265147157	0.6016747594215273	0.4013419040544452	0.5380492484683224	0.3087411230842494	0.505139307251168	0.4250071493860036	0.5580227236342308	0.3218153061040371	0.40821835140752805	0.4850343810697575	0.4107283211999862	0.2465979387598948	0.43749241429097596	0.4763146868197499	0.4172543377062817	0.4133575236753174	0.5806455739483053	0.4601231264724197	0.39733140061949823	0.5004841918118069	0.31347547477040383	0.26653562752777077	0.5799589475511768	0.4992609839841762	0.3804513583204039	0.5178022669905094	0.32926923879704767	0.3121922740530252	0.36128164796531526	0.5031870341556972	0.5067639610496767	0.4629386376065644	0.4310219508083424	0.4717978953572751	0.5188747457315118	0.389325544355846	0.26670691030083377	0.49789110527229186	0.36942300382559323	0.3847557845958345	0.4101331896689819	0.5267648941842332	0.3524121179198081	0.5138117871917152	0.40411214418133656	0.35767239837945064	0.5984504502133636	0.35264597492761357	0.5494762216411173

0.48373516074280226	0.4975419322711363	0.5989850807601664	0.4372968500288045	0.5414391141117298	0.3883282149060081	0.5263243625179534	0.32539356787954843	0.5186114735810285	0.4188523339659489	0.5782433396737521	0.3356081664010382	0.3926153957625122	0.4971270309589587	0.4261154393143569	0.2540296491008119	0.44650579468848667	0.43859418163955244	0.3918504454770624	0.4247728802668036	0.5413940000072794	0.48068085550386164	0.3998334282768793	0.4984127427215139	0.3276863137862208	0.2932379696696299	0.569381846986919	0.46321521454046216	0.40556954550148616	0.4882977075493432	0.3353944873746428	0.2916707176947712	0.38135637512223297	0.5111098598433622	0.5374813108187724	0.503068551486637	0.4144052297417377	0.47228091612896866	0.48563334205972514	0.3791124131177021	0.28177509270903234	0.5422909391746507	0.3894152172590549	0.39558142686790165	0.4337676847654577	0.5017637797086687	0.3774859697657431	0.5211510878124568	0.41298023705669296	0.3270683307104466	0.5713930785197211	0.3564198154644719	0.5352970348761972

0.5568902013657651	0.5492900614292329	0.5564112946028222	0.4252236778077585	0.5336315698361307	0.35151141609401493	0.5430043529144861	0.32768711225616787	0.4714314626166888	0.42917741601377135	0.5444760955277362	0.3563471554237001	0.3713729996486309	0.4798306304160067	0.42736553938793687	0.2595466798847132	0.4500113997622739	0.4190022917595919	0.3997492236519743	0.4498357679086009	0.5632094110809397	0.4729770987227086	0.39988765288290284	0.5191029586494244	0.3504175080329982	0.2904561218847031	0.5748624771763513	0.4748266027597977	0.4504509715245662	0.45767809600601284	0.3372495115503697	0.3319099274871507	0.3696421040423562	0.49658342546561496	0.5048198467811792	0.514248001102951	0.3897838831873432	0.4879470660804726	0.5024923879268516	0.36252448853167907	0.29097389767203874	0.4963851241354985	0.39415749431818226	0.3496481663186619	0.4048966472378047	0.49964356741117383	0.36945003705230284	0.5737285151327878	0.4330745517017701	0.31526528422400996	0.545612399854329	0.3659553935129678	0.5774829659021512

0.6632025608005354	0.5754668294405438	0.5696829444808109	0.46160585956297256	0.5857038186368739	0.36150350103020257	0.5405490159214528	0.35342523899109873	0.48783740256556296	0.47048948205610486	0.5338328060079245	0.3268220752407584	0.40360024352622387	0.47778265719035107	0.5052917112945592	0.25287685709909324	0.4408690049176278	0.47306815004050934	0.4250585692148125	0.4210439144867192	0.5539977678219472	0.4297300308241577	0.36545638961438637	0.5105449747935517	0.3284700175352446	0.25163294484343335	0.528077350014503	0.5066318070697077	0.37638822107200487	0.506595880756018	0.311412487411345	0.33199286210100143	0.36067916218123797	0.5149507017573554	0.5582898073432674	0.44237275299273143	0.4135520042103989	0.47181156841272737	0.542928139428665	0.39040082166892737	0.26848214636650625	0.45167145869732933	0.3880323617419301	0.35378634726909797	0.380104678036385	0.49688436185755713	0.34650061365723017	0.5350148919356701	0.41488134248689756	0.3271210603636372	0.5573777433755777	0.3615555367981158	0.5752978902077533

0.5779713424026692	0.5510555661176193	0.5890212865858868	0.44047988173561026	0.5759333860763775	0.35987254042608585	0.5625256476843739	0.29646122694975313	0.47486973091183404	0.3891309367403422	0.5167125345586165	0.35066580713346845	0.4182876536672544	0.4720152140995685	0.4381224545678577	0.24431702343809952	0.4695868859579649	0.4325065699710282	0.40842983428586593	0.4432639945488227	0.5386278573275091	0.44640799835450395	0.37178621016354363	0.5277095416373074	0.3446742260133012	0.2707014112575603	0.5549652962955834	0.4952817244615523	0.3835253262926218	0.47384865537961574	0.31165150415819964	0.33761304939354897	0.36727413435970924	0.4902866958871314	0.526213633983362	0.44944221895398695	0.37803900228917436	0.4623614850188097	0.5371874638654902	0.35290421906843505	0.27177505154804193	0.47002157641393594	0.37359850026008085	0.3502985729304307	0.41794726766093726	0.5041319955655524	0.3578822466436751	0.5365087960245386	0.42920021847101103	0.33200623354947645	0.5322631666848996	0.3529261525660823	0.5360730711437289

0.3770926669986733	0.3811454615668207	0.45800148831401233	0.37895995308075103	0.45109955263439594	0.2942056708182102	0.4409874333791677	0.22314435029448323	0.39540830855445086	0.2785499821090965	0.4620699749253974	0.25724656573740334	0.319367269455556	0.3954838899333627	0.2987831162602716	0.19247222666255087	0.31652675416299386	0.3365308073778137	0.2998221450479278	0.34637430704327715	0.42642360035199456	0.3784580938949305	0.29301709281851834	0.35457079247079276	0.202580275201739	0.17944183547508444	0.4688602034664856	0.37077744018994363	0.2928526648311829	0.4046604662622979	0.24100962044861432	0.17851798032916216	0.26790740434868576	0.40986493608477015	0.3728765781482468	0.3518555767478549	0.3213086268905736	0.35749556097575824	0.3915648036965206	0.30225515114545015	0.2138130784518386	0.34420348437947157	0.2416951130613749	0.2969975462772519	0.32628682122293634	0.3832855914884422	0.259351135378315	0.42277659054754957	0.33196858938797763	0.2157882465253913	0.46511834844815003	0.30448870855099536	0.4266278251713205

0.5878523583194075	0.5331420755455267	0.8759828818905857	0.4250815799760667	0.5086382723245866	0.34749378490109484	0.5166804693239833	0.3100380223096351	0.46625310118590735	0.38948439695218884	0.5120114835912081	0.34269099797128355	0.4140395996584793	0.4744478963476813	0.3984263403796714	0.26076534528119066	0.4228853468633534	0.40788758268224357	0.3859192583051729	0.41697274144085394	0.5262078540198957	0.4650274562103518	0.3785323137508243	0.49720140506433563	0.3179722168160166	0.2715023763399777	0.5288607798478008	0.4429863298750188	0.37537709916207784	0.4997964872293058	0.32396667206489954	0.2885100819313842	0.3413703910953238	0.45580876032319384	0.513935461811944	0.46160434808118145	0.38929392222286263	0.472870632428841	0.46881616934018755	0.342392728582543	0.29272686907658485	0.4243559238386095	0.37660738497414653	0.341900442434138	0.3913979209771863	0.47589233650980906	0.35260111490318446	0.46724211328195453	0.42094754588486794	0.27382410429943504	0.5175982827150141	0.37704198400350575	0.4888591645072985

0.6729061636327093	0.5889791575257182	0.4879056254971872	0.3817800913558692	0.4556401092662612	0.28668795145601467	0.451322663684523	0.2668985632195945	0.4503526896138862	0.3631336811776653	0.49660684667501415	0.2763946285197726	0.3262983848891459	0.3923556599475361	0.3711278061097359	0.20343479045442256	0.3563793703180662	0.3834532934826744	0.3604695792531192	0.34129974749790143	0.4943668077237555	0.4184856851127128	0.3079580229368809	0.48008758423771025	0.28461428666350047	0.22723883800380243	0.47244040041344515	0.4719776356713726	0.3601895146741426	0.40722811039376106	0.24812998619669013	0.29128603171262646	0.3073586482171823	0.450486068489601	0.45908969207183303	0.36469906598265556	0.3554617755891236	0.41581879064232685	0.492273049992617	0.34101230150528694	0.22117860077258272	0.3865039309924305	0.30693321445730476	0.29081991397828677	0.32729429455903486	0.42404270150332657	0.29828926249527254	0.47263718880993466	0.35776730432875103	0.27995347545296567	0.4770999700788192	0.29152639529852736	0.47669540056632287

0.6559206965019864	0.5897772394618448	0.5019674598070771	0.3180232782710386	0.4620684823634786	0.2592100193517294	0.3783081430969033	0.23898262028044415	0.3444938259309128	0.334207748735329	0.42449945670280087	0.20239955182044989	0.30574750132347056	0.4139671497722174	0.3073901568497245	0.16254730778879295	0.27723960166225464	0.3254028673554653	0.2874247571629102	0.2580872020994809	0.3977806066088963	0.34786830211458375	0.27113177391488186	0.38437647347450654	0.2482684954655487	0.1528261368024616	0.3923976271380998	0.40220751320767006	0.22329834993670128	0.35882520248529737	0.21120805934221187	0.2787888227787094	0.324827336715928	0.3351846928649743	0.41599633621832577	0.29571069488539836	0.28271862005236437	0.35986769910664906	0.4336887153816519	0.2645251214939262	0.2000715213920931	0.3414759549977878	0.2627274743004695	0.24763386333407678	0.26676446256024633	0.40482804580812215	0.22356435416248482	0.3807208052946094	0.2645830320712081	0.24767174124374614	0.38636277476321	0.27444664957726284	0.39800967670304604

0.4941197862060138	0.4455339314156332	0.3902798929725852	0.2996169861517255	0.3774885797420918	0.2144837220764324	0.36265434569491645	0.20953585725379267	0.30875470450824205	0.2758287127229305	0.37525203921202277	0.20827031387378303	0.25950416113229774	0.3520694681071898	0.2701028231501592	0.15716336988360807	0.2895767375244414	0.2669910133740481	0.27778213442382016	0.25752503166921503	0.39299468063157117	0.3257876738177469	0.24643817352275824	0.3873836614828181	0.23100844809842527	0.14569557955848483	0.3384910732683471	0.3620410630892651	0.2397817440576832	0.3053149022278337	0.19846014639183124	0.23297891784974442	0.3036714390390844	0.33395929701177435	0.33961687298164683	0.27639268315356663	0.273344137059066	0.33657685661777476	0.39447165702393283	0.2488990773540518	0.2153557752063967	0.33271991268554035	0.2621793074837744	0.2383898719547164	0.2589283941963755	0.33922088699329933	0.2133658937908786	0.3777735481221245	0.2717851629152613	0.21594116800494534	0.3739054427680764	0.2834570396937175	0.3400066909807975

0.5980914610418302	0.5563236553131666	0.5744444682041918	0.38704559872104727	0.4883185426876048	0.3305034291070056	0.5185105226970346	0.29870378860929625	0.42376680205493944	0.4105147905583251	0.49941837145441814	0.32892457227742206	0.3762142061083856	0.47323365388074845	0.40444887916244815	0.24506241930911427	0.41585307576733965	0.4330647731516301	0.39745130499845954	0.4266802128853963	0.5206739892147174	0.4187401426673347	0.3719344191214389	0.38712396420316986	0.3332547924890925	0.244728443309585	0.5119221214173404	0.39608287683357213	0.37388964662396496	0.4622737159670948	0.2916026868167755	0.31271814206994464	0.3410102026262336	0.45500759028236376	0.5725137517911185	0.4418072362291246	0.36462352006544363	0.48639709041619683	0.3893315009389522	0.34618724704869397	0.3047892690033734	0.4125187001047082	0.3776767170980432	0.3280895077480918	0.373236972186614	0.4652927637033949	0.31480250060040826	0.4752072438879037	0.40891478571030904	0.3083342959044667	0.5403876887695171	0.36820972323432166	0.4977854215046357

0.5673622713758718	0.5766163341407456	0.5012106151502908	0.3032488219756928	0.47632995486794766	0.3073134849338405	0.4139983317300008	0.2149997948014285	0.34000145789576053	0.2963881993011548	0.37860395948433295	0.21814097462164123	0.42610538902147077	0.44232711826210414	0.2862314014725464	0.1864010677419673	0.2907719192781856	0.38117099759568895	0.3067468666252787	0.27725446584541835	0.3932873867102697	0.32987378800379963	0.24898151061215235	0.3905730422947049	0.24437185681154172	0.15027572720593418	0.37543778792961024	0.42532727425315775	0.23011643301025866	0.4240143810560822	0.24570023597982898	0.25249918215001266	0.2910182208620566	0.3402161956894763	0.4026039373057474	0.27309177392957107	0.28932435174655147	0.35911128133740083	0.4437315674222806	0.24704227353061342	0.22237571913251197	0.3168269780345303	0.2525769695283309	0.25998592678386606	0.2670557038402124	0.4231422071784358	0.23816062269978022	0.3669761030241703	0.28031252661060035	0.25577022884536	0.43386323810979754	0.27161520242382853	0.42950310286239934

0.6508383991090672	0.5409529845874659	0.5831065966786468	0.4358411811074436	0.44006816714046426	0.2734911222561558	0.4429600295043712	0.24176363122207434	0.5128377060306764	0.33468082094467644	0.4443588013298214	0.25954733314888	0.2736987598848698	0.4132554821753757	0.3339051321794563	0.18974004941525857	0.3325670761966662	0.3417615868076822	0.32794269404385323	0.3477819093996816	0.44098750960225097	0.3695849808559655	0.3169386379981205	0.37794324416515035	0.27334326446559054	0.18193191351870935	0.4401586222753305	0.3554479642708205	0.2917389390475595	0.3491148659518084	0.24473483971668294	0.272161757129307	0.2770272597688601	0.3829154527135228	0.49230396706207313	0.3566822686131521	0.2943283509573972	0.42496359307195575	0.3663245776779374	0.2735917406466149	0.2064047518266432	0.3463947219875385	0.31565483798340455	0.26055151440959673	0.3007987170191505	0.4109078667040805	0.2665443872798946	0.4020844835505931	0.3352367897428264	0.24359212146521603	0.42575691603052324	0.279668772556837	0.42513158813173435

0.634089777214053	0.5469212693810729	0.5974408919890837	0.44742259143214136	0.5234785648582632	0.3503572202299362	0.5179697057862739	0.356505123463394	0.44343974375524564	0.4477128204273658	0.5355352300070424	0.29432402286284676	0.43747295343364084	0.46559673207632696	0.47083185428107815	0.23993683728383716	0.4062122411693831	0.42469382094869057	0.3721769798216524	0.38806822144926917	0.5390858559232542	0.47039306039644424	0.38550021188970174	0.4548892407696591	0.3012699995605422	0.2474201571172034	0.5895069962993804	0.47646304218937263	0.3551869429102775	0.4622438549376563	0.3494584157898052	0.3087682616676839	0.35503593925202165	0.5047890447807627	0.5038312059511332	0.4384133321624506	0.4039149998940619	0.5033487153543849	0.4749654429793079	0.3620876462684833	0.20469201077359034	0.49608018237532636	0.3838150515925398	0.3491776488425228	0.41799256205837654	0.4901556676223413	0.3505643183116345	0.47807265263544907	0.3793798603623236	0.30536235476400353	0.5007667562733867	0.31300977699708254	0.5124047406998053

0.7164617958682347	0.5465184861777764	0.5880124754525015	0.432815353930504	0.46836159210920225	0.29853409336259495	0.4484479885827013	0.28254301315887265	0.40067000888267423	0.4192425245639487	0.47757823234594043	0.2739968839603499	0.4587709791695879	0.4151952382374807	0.34861840521490095	0.23078874671249017	0.34735465617500133	0.42065580358524585	0.30718306526541644	0.33679194833425175	0.5092864946618889	0.4144576894373581	0.3202974724725704	0.42534754189460233	0.2927574464842554	0.22613156399072468	0.5169988677525242	0.5096212676260935	0.2850891845779374	0.4132435930223025	0.2827043434066172	0.3095678555889539	0.33663796508310206	0.4633625160203429	0.48411613956029376	0.3541591044945481	0.41225051055444156	0.4776528832004475	0.4709980730485446	0.35373093270261025	0.19877613824008464	0.41183533608508793	0.33282966830242433	0.32078113813306874	0.36252525936010815	0.44562899806222855	0.359642651402878	0.4226792216148232	0.3421828052610353	0.3369302789052988	0.4502634924133877	0.2935622574663905	0.4523374637551162

0.407327224298856	0.3425427891862241	0.31711316088453234	0.32740289243021964	0.37751034887136675	0.20742252363612873	0.3521177004940163	0.19016962026479817	0.3150788526417313	0.3159629782567447	0.3513477484056846	0.19488163846000217	0.3079049838527411	0.31160859023969467	0.22962919838398693	0.1535048328034771	0.26640521792661637	0.3410647390556766	0.2618185215003421	0.2406984295400057	0.44657026887420503	0.2956497069455935	0.22572647541394467	0.3866858773580445	0.1532104741030129	0.15124735436936015	0.42206968334267125	0.4123490579175234	0.21814354891878465	0.35709600330190605	0.2011956860851763	0.16895510600288588	0.26305335221198545	0.3839226014748671	0.28596132003925334	0.29050792042044116	0.3254456372300847	0.37867533374829576	0.40856455954830795	0.27174267484314296	0.1247764258441856	0.3839442685491034	0.19613515377097174	0.2166109510294597	0.30764150429755976	0.35645768263466654	0.28552442761715413	0.3369688458928447	0.28794484140361093	0.2085902339015968	0.37710442908436265	0.22420490562131687	0.33188059653952273

0.42582175892764484	0.3522218815259667	0.28846750799209836	0.30000589295767693	0.4010039003135416	0.23215625235046095	0.28622393004777413	0.22016277802168302	0.3257523391037246	0.27237536067445384	0.3431165769811622	0.1850473198908807	0.25691528133145713	0.2945028158487182	0.2765610346872751	0.15400569217281523	0.2165469715515705	0.3070382373810129	0.20096029453496217	0.2298182960876501	0.34764998083800774	0.2983987196546008	0.21929457156384524	0.33327137662018486	0.15787068829385226	0.11737238807295045	0.4195072227275384	0.37265002004449965	0.22432412240448046	0.30842592862152424	0.17091805878483468	0.17379934525921442	0.23576485644742154	0.3514672073701175	0.3619501788925952	0.2535118657404096	0.30236285781813915	0.33334194935221795	0.382589697689075	0.2458991531024985	0.12425213614848973	0.31175462724132974	0.2469637735626659	0.23767988247940097	0.25405058392947355	0.33352138038704665	0.2807996663261416	0.3168605903980557	0.24234859623842203	0.22505037680399437	0.3424825764282323	0.199300161329544	0.32220424603442077

0.36144867448968343	0.3725494691274292	0.3199913166303119	0.29701031503136954	0.4091737174774125	0.25291881169995156	0.3332942679417161	0.19869994715111675	0.29487527493712706	0.28249545326204906	0.33722376146257993	0.16449151700644735	0.27770992245277903	0.31162592920652055	0.26320317509831687	0.16416662373331137	0.23122741179942574	0.30049988526750915	0.2373413275576196	0.21388937165101835	0.37857707562745385	0.3107885573884812	0.223912238816119	0.3245741301051459	0.15526339135734396	0.14370739679192157	0.4058393923465484	0.3752654154502606	0.20488469456705974	0.34152711315525774	0.18816072149600835	0.15105686813488584	0.3285400607221189	0.3617841108881708	0.3055126423950648	0.2545460576121029	0.2889755620200949	0.3392050417663893	0.3624066330487692	0.24933047891583873	0.15670207566963087	0.3952883105679892	0.1915340637025037	0.22867428900901443	0.2816806010880346	0.32114174895609504	0.24698574687383942	0.3400475895832642	0.25637675941293847	0.21904378437464467	0.3826514095468723	0.2464913951345002	0.3504340281450065

0.5158922724120639	0.469293141878373	0.447417332287052	0.42695725594531675	0.528394446943639	0.3328063793533538	0.4903863515916814	0.2666982595070168	0.3701689148142868	0.4268006941807718	0.4571798100180653	0.28731121882722954	0.36432232249139185	0.37416847705986767	0.4002740993586561	0.2668615839525296	0.35604034011876967	0.4038173609022614	0.41918574289517574	0.3592413859943465	0.5146904602845933	0.4068113638920265	0.2999045851583263	0.41311740926446483	0.33241753848214095	0.19365284271233096	0.5088313774004993	0.49673698745824935	0.27041947167178876	0.4475564488042893	0.2581851473573691	0.32735977015690587	0.3147535498189187	0.4728198555878734	0.415051523103009	0.3798273863724254	0.4040431905239056	0.4301558601960772	0.48308061542118574	0.35539145243638587	0.22444983579002956	0.42028959677627364	0.3108108815429815	0.2930539856210542	0.3508178520875047	0.4309456846737778	0.30080709644172166	0.39351799927396414	0.3561012280135152	0.3258254016430422	0.4778852211933476	0.3284354619248636	0.4958026704511583

0.6797171192334633	0.5168729177625893	0.42359696650358986	0.32875460997371986	0.423716278026178	0.25286639801704847	0.3845183695458805	0.21426712146804844	0.31681466580728823	0.33362840812599404	0.39882478825568846	0.20171882889349085	0.2824929525151336	0.36204822991325225	0.3427262747298624	0.15886972408183153	0.2907531550791406	0.33120908469513666	0.29785920108899544	0.26072332843085755	0.4393636839885482	0.35303196617152466	0.23682735814332156	0.32950120723121074	0.21208800868901517	0.12541107589656894	0.4222538624404103	0.40970142440903123	0.23546536687055142	0.3549725281108845	0.18536038177212544	0.22718980376440637	0.2701796521172824	0.39835478918395184	0.3737729562568672	0.2764609390986192	0.32009908025227385	0.3501124433795314	0.3896576322580619	0.2791182119057292	0.17109968320246147	0.3377143868069361	0.26408306384187696	0.2519819732410958	0.2792246617745613	0.3751734958111218	0.27765499555247464	0.34244274224975546	0.2688888813382803	0.23601392732948845	0.4188606677567329	0.23252576286420862	0.38058793894383935

0.6481156116775919	0.5115011661532656	0.4341260057151993	0.3704103964312496	0.4433426347126926	0.28087228871385306	0.3968908184391068	0.2146192122462361	0.36207132575331524	0.34978014459786433	0.4285876977527555	0.20462466763109205	0.2995161216764854	0.3593018967838342	0.33787716427294073	0.19099315058103705	0.29479271966427084	0.35384949256298653	0.3069111475737978	0.27064193798375513	0.44636003469006674	0.38686023896780897	0.250982105195403	0.3736837453266292	0.22925738188682657	0.1490524848353042	0.42895870911194434	0.4438657684275613	0.25271037602584684	0.39823374681294277	0.20020236886984533	0.24298552729755574	0.3107617460910653	0.40653106794495925	0.3836656311061181	0.292645225219482	0.3527557314655396	0.35154281596926706	0.42414817011120365	0.31448239030099956	0.1767799367939144	0.3742480985978872	0.26244870747071625	0.2819858697595148	0.3016399192386587	0.37563347722269935	0.261647657636262	0.37087877829191007	0.2764123231251419	0.24720165997670832	0.43008722451403947	0.2798233469608469	0.40044541334157613

