0.7951457942373481	0.49064611620376863	0.7363987219887274	0.7395712238146452	0.40608018062246276	0.5407033080301401

0.5218689442489389	0.47105153667590627	0.6155242449677134	0.6539388439006226	0.3726890566428782	0.5289716913637933

0.6905879226399693	0.49827403594176284	0.8148115088397749	0.7839686487526185	0.4747955917078053	0.6663944491899141

0.5195955720240432	0.5007046064092717	0.5610728572840684	0.5910363903726104	0.3262830161508391	0.5758624930437592

0.6418087236477008	0.4447113031392493	0.7191053182217136	0.8523218392709447	0.39066822437586046	0.5715404496605863

0.5899001647425053	0.5225529467905887	0.7248649430676628	0.693565026433687	0.537771029730037	0.5957455273439709

0.5538124649836503	0.5191961913905364	0.584267711227108	0.617375217157806	0.34994878992176315	0.5265121089116951

0.6007769719742977	0.5383809156818523	0.5967074575231848	0.6168234114716571	0.3127925329299928	0.7620476869997006

0.6258722656880156	0.49475279350658474	0.7187737633711155	0.711868171765474	0.44763277336647866	0.5663842335627971

0.6569548697795082	0.5368991293796257	0.6740117459520891	0.6584235436485322	0.4481879068515389	0.6203684893723691

0.595444148226123	0.5248739575583676	0.6311035434236241	0.6346530226688032	0.4052314397114448	0.5692852151741455

0.5829165744620345	0.530175377659531	0.5368626927428545	0.5951092012257551	0.3504604830309561	0.5764851023009825

0.4859341377522905	0.5680057557069722	0.5613970753294307	0.5694815613566042	0.35886373612978795	0.5909630985546641

0.4096067365847311	0.4286154176942141	0.45092051587939774	0.4749975839851387	0.30918987842099266	0.4655810896744575

0.7086667972924545	0.597086006521444	0.5848611070480513	0.5753193272269318	0.38335773888976676	0.5206673204711276

0.5673539526298432	0.48732860880882994	0.6111718819436978	0.6359630965944336	0.37315758789596837	0.5845481972379194

0.5152475570182776	0.5123502846662205	0.4962495432366884	0.5018827203102172	0.3790774992881899	0.4773145814116597

0.4425194178244437	0.3902964535515876	0.4788393360078208	0.5254817686014965	0.3691418768144811	0.45809661649238087

0.5249095397929713	0.484593501931604	0.4996792422166316	0.5472293148552572	0.3894054301107478	0.5128507041913105

