0.5852158138932674	0.7519756199417498	0.6643904757754802	0.7173101050324157	0.7668966158975222	0.5689541652040517	0.5399645275368488	0.6470505076462566	0.6851422810031416	0.5729225434930982	0.5877402484978711	0.4844407881851455	0.5766907224039837	0.6190527390599301	0.6096237217336349

0.6215659878033749	0.7126768884397011	0.6572185158632585	0.7160575955866719	0.7470558585071045	0.5910054436283949	0.6091768396511656	0.7073763780984923	0.7156883673286395	0.6017085055030241	0.6162805070770054	0.571730746325045	0.622844070293753	0.6966785513251972	0.5922707141949572

0.6517235703915676	0.7761269924792054	0.7281395432793496	0.7600665374944527	0.8383742366033744	0.5950557377394443	0.6241759693036918	0.7477515756507112	0.7314178653590346	0.529559610240544	0.6582072957566012	0.4725632928546667	0.668439910111273	0.732650108868154	0.5524460083654881

0.6012486311385516	0.6414658836317515	0.5935051212330132	0.5973026884144045	0.7223584783168506	0.5063005097126195	0.5296728516169977	0.621353550566334	0.594006155341141	0.42614959845943223	0.5651861803280045	0.45635648061786316	0.5349147092361362	0.6128338104322831	0.5135531878039796

0.6780256244617915	0.734013994988895	0.6984638984248519	0.7034899855671464	0.8028865645189163	0.5037426201697998	0.5715976585277465	0.7261949192793675	0.7253484489322284	0.4078862312277298	0.6463103272661347	0.405623986663914	0.627243636816053	0.7200730474861501	0.39682287832357166

0.5853190378410832	0.6844863309503046	0.6426847708400651	0.6463478161929623	0.7076685988739388	0.5196583472790278	0.5343788262419581	0.6377922677033535	0.6690853439762683	0.5632458454627693	0.5720959103989065	0.4944418754974347	0.5632471464469004	0.5957304760381557	0.5127083345162826

0.5611546197041043	0.6974726560642305	0.5988870720690933	0.6701724469755068	0.7298776527419892	0.5183889376708309	0.5273087934809497	0.6715377011632244	0.6778761812770537	0.42598870987382603	0.573274507691506	0.4101205061724429	0.6042642912163187	0.6857389694968824	0.43062260614985154

0.6219024509357569	0.7391015549377538	0.7081740011326085	0.7052917730297499	0.742042574222098	0.6209805737345759	0.5896488520880722	0.7231867997988997	0.7752431713447828	0.6048270497557908	0.6104866757308707	0.5433684892894604	0.584905582353797	0.6853217945205823	0.6459936181685554

0.6575838829668624	0.7201515040382921	0.6509597958661042	0.6686491803145886	0.8081022958256638	0.587367620966698	0.662515513054887	0.6846685571932046	0.6922150730944232	0.4609532114654523	0.6004698361275077	0.4422903984146699	0.5953278310479839	0.6519906160383636	0.4676612091096727

0.6235651182218918	0.7360384759440395	0.6736240564539085	0.7094425979222478	0.7457143490112457	0.6099722112492831	0.6377539135705029	0.7621350725816207	0.7761461789113959	0.5564857388981652	0.6246246158323274	0.5299135078364023	0.6152298055801875	0.6996967972507242	0.6509617195885633

0.5651530295280753	0.7028070265000859	0.6541608445599474	0.6631074280089759	0.7262241125824911	0.5850909866901439	0.5273522060782395	0.7018544029694631	0.7149899112205507	0.5179024466662171	0.5521623983750718	0.47998580624757714	0.5874174069686391	0.6325082403757073	0.5517422793475184

0.5851904926384723	0.7130019393760116	0.6645344197532375	0.7236400057240795	0.7353600013442974	0.5899823120280089	0.5872063060303765	0.7051075419608095	0.7459355965601708	0.5737340525948473	0.5814416864458067	0.5524853253865099	0.6167443023115338	0.7004428632110555	0.6694253008582306

0.5461509219777222	0.6935802030246709	0.6175714845519837	0.6879388336141248	0.7055076263529081	0.5532485648939899	0.5255415314757292	0.6453422126895172	0.6524928062229332	0.5064652688413899	0.5482272681132936	0.5765299902346368	0.5695040012158283	0.6252724899195339	0.4731825038821794

0.5652560242958268	0.6972190556919714	0.6473278717499189	0.7053659720763814	0.6940026015380119	0.5718031792928461	0.5767618876576982	0.6847639392016565	0.677865718941828	0.5637923237131853	0.5826991319955809	0.5107919272498507	0.5978508134411419	0.7013362686895632	0.5790583309053106

0.5124844890918397	0.6936431413876357	0.5960993368528544	0.6789138605119146	0.6792334229792006	0.5134935609756763	0.4815730766576553	0.597787960128751	0.6103998446931769	0.4997667359229282	0.5094752566877976	0.4475272596023125	0.5429221947504558	0.6083254988266504	0.4991890044872076

0.5621991008424924	0.683480702179238	0.6373888846633178	0.6768022810066294	0.7137562400666664	0.5710229572342187	0.5952763750315023	0.6343361624845146	0.7565840368406396	0.4686038928547174	0.5219601043961448	0.48672308844018	0.5988885336440355	0.650987280884154	0.6035134741928679

0.5202593070063514	0.5855770695895202	0.5627261641642426	0.590644148937113	0.5957254454749655	0.5857964853733104	0.49631493473886107	0.5548373079418126	0.6186427840251422	0.5303843619262265	0.5224632565716207	0.5259981950681464	0.534743571467716	0.5471481164934273	0.566427851156148

0.604239544842043	0.7543394604402908	0.7011098583727593	0.6788228121024513	0.7630122365341812	0.5677225694025164	0.6461948204809301	0.7418482008282465	0.6750119441583093	0.5564954439077553	0.6593473615690442	0.5388294002096745	0.683000115289738	0.6850000266028666	0.5856985929142282

0.5564959566351766	0.8068540636324906	0.6953693226617064	0.6897756573889755	0.712689013708556	0.549052670509884	0.6209644112808139	0.7865546854542661	0.6507262012921318	0.6096319313202061	0.5846835972290115	0.4916855768038821	0.636187265389276	0.6494276610392407	0.5638009361047989

0.5823223818404168	0.7536050251783413	0.708894982893285	0.7331738125397624	0.7784837628323519	0.6101434320972787	0.6586480937410495	0.7316814171069237	0.7089743559343731	0.5938924474186613	0.6476198481425385	0.5426040615560181	0.666300537576096	0.6984676387684552	0.581083554236504

0.5790489503673637	0.7125639064631556	0.7019320601537223	0.700584604803551	0.7308852480733625	0.5946178760425784	0.6501213870238947	0.6420225201986149	0.7078993377117468	0.5752154117213657	0.5964411317019225	0.5482391284646922	0.6945577547933721	0.6744646774803635	0.6993330960931023

0.2574754703437981	0.4311177500689859	0.3900528440954196	0.400039750455801	0.38988904391824536	0.4452041393718402	0.33276236921868463	0.39058823822531796	0.3968630907592494	0.4439247407325421	0.3851531532029992	0.4027020724472059	0.3861501889509995	0.3610927156695689	0.5287183575908978

0.45993671085781584	0.5890254131625716	0.5675558242613806	0.546599715217718	0.5710481498141392	0.5742517839808257	0.5690686100523215	0.5700704637026321	0.5655253937086533	0.5736931346736227	0.4881605739750192	0.5997567817005927	0.5597684106291142	0.5400138574095831	0.6339203395694138

0.5611078578036919	0.8129075024406466	0.6918895604142483	0.7288808890817919	0.7192968715636926	0.6179594056577209	0.6629024317247838	0.7139354660997462	0.7229435501406096	0.6567215170148132	0.652631487656695	0.5392907710163269	0.6365079527819397	0.6536710017626044	0.604562332523555

0.442085419401637	0.5980656274614269	0.5987047629629052	0.5727739553489333	0.5601150661980905	0.5685130129300908	0.6245861197344074	0.582307159472728	0.5971406522656655	0.577412260498622	0.5253756610731644	0.6229974781819839	0.6010261399617338	0.5612072044402642	0.6608959539988981

0.46543355907525813	0.6094600313538103	0.5398131823343177	0.5854992275493851	0.5359591535501369	0.4842464695782464	0.5029252975225678	0.5477948086190584	0.5312521221966788	0.546756791951625	0.49707053966862197	0.47770180973115894	0.4881052360493072	0.5006279257163199	0.5289006255221063

0.5936008214007121	0.7315418754125276	0.695090204465344	0.7521837760981169	0.7138482122562597	0.6113401558259018	0.6460463566605935	0.73708417643199	0.7072193537890208	0.5844653413808782	0.6543132146350301	0.5551290623180412	0.7209768687864182	0.7443123652033385	0.6402736427238038

0.5708493502218553	0.7681555291376192	0.7251296143517088	0.7053607928837038	0.7366068358146959	0.5669984392597474	0.6632284206464957	0.7408975712038522	0.6796142650170021	0.6121704496530516	0.6019667798923973	0.45868834210141574	0.5904193563868977	0.6435835010086672	0.5095233520515592

0.5644534886763461	0.7219881097924385	0.6137718370102032	0.5763528213804392	0.6832436869676354	0.4134881693964704	0.5289680125688596	0.6653496371635681	0.5540472582511538	0.37104556381900433	0.5241656409349861	0.27906226621660946	0.5044651453630817	0.566612227444609	0.2676619635780995

0.507903805474552	0.685413650850794	0.6472812873804785	0.6590430106395783	0.6633355296965968	0.5079243607702466	0.5637718317920211	0.6476346358608694	0.6017811208242457	0.5461489871337204	0.4888470499581727	0.42731667699199183	0.5011962461902091	0.5667801631761697	0.5168118747327521

0.5340394546272794	0.6551648827094406	0.6370907157675447	0.6428131345039478	0.6595956100092649	0.5066721822482616	0.5288543282797609	0.5962063015955247	0.6559236269915621	0.5467433885706359	0.5394540655220624	0.5020579896387831	0.5299521443287866	0.5831601845547552	0.5485843566680392

0.6213307634090428	0.7279356218269577	0.7119027875168684	0.6477132049615023	0.7373398671512623	0.5504313086246974	0.6599643601310516	0.6977442144592712	0.6307027363497417	0.5627072565812017	0.6661624220985768	0.504173647472496	0.6392003281088452	0.6720679299922694	0.5814869190433853

0.5719716990645333	0.6968634947719525	0.6427863033468764	0.6337060924500187	0.6646551179741523	0.5652805526085442	0.594908162312509	0.6432946609359425	0.6027657576806651	0.6113644967590739	0.5829282258813621	0.5439263071013821	0.5577012792824432	0.6456822928158186	0.611093738779499

0.6095916611057963	0.7090171314384772	0.6745150064724394	0.7142878934663179	0.7514411648255037	0.5492234752558183	0.5768067336136988	0.6970055895790022	0.6801318106741489	0.5852212916824733	0.6018075229922192	0.4959445562231718	0.6153657673585271	0.6783123994962432	0.5894258793833312

0.5387085171041859	0.6037976978400986	0.5481357342694623	0.5842775409481973	0.6393716778027984	0.5005969447630142	0.5126105880047671	0.6248733449255433	0.6177039748773302	0.475239760260996	0.507888783676934	0.47907772807855153	0.49082706628797024	0.5323555313972236	0.49846873212828074

0.5477749018610254	0.6525265770473289	0.5733860977841947	0.5656976455497235	0.690435201946775	0.4986833070017454	0.5344828493555629	0.6257572096942289	0.5977786474872654	0.4613855167235783	0.5498461596050568	0.46427528721428546	0.5323409770868609	0.6069005161127248	0.5113334927606723

0.5928827943454653	0.6763858932587528	0.6342249430002476	0.6616128825888024	0.6815549465930157	0.5147657837499309	0.5213115227325877	0.644745699899355	0.6248430361163648	0.5042956404718555	0.5468795457460156	0.4777754566114485	0.5745794229091118	0.6083569625064866	0.5575262190466228

0.5881243492034526	0.6625724667337498	0.6254709985659044	0.6553112720008439	0.6776141652498127	0.53895256193133	0.540075974807918	0.606902641522798	0.6437803923200178	0.5580686682498646	0.5540541882262253	0.5582994670696084	0.5821166827265686	0.6068740753310242	0.6047517172568679

0.4317726494465063	0.5621471740099395	0.6312313458743086	0.5641440597115319	0.5581281357071434	0.5053880791583392	0.5469898401750197	0.5957499130386854	0.5232441728319555	0.5068153709692149	0.5589020759783909	0.4757785855379959	0.5563070889654113	0.5590323268130073	0.5506186826389332

0.5541008109793288	0.6056053118206375	0.5379002141736677	0.5314121268502673	0.6511886523634742	0.46452238570380866	0.3925198963671719	0.5498132580676324	0.5633785874393221	0.4325481675813665	0.5175708243957947	0.43396846876584966	0.4493280584352997	0.5537726466959931	0.4922632110296027

0.6140704900542395	0.6695554201460707	0.6058149435991681	0.6347144937710948	0.6656783155916726	0.49416940033387924	0.5258276100157052	0.6253054343299992	0.6199251223576041	0.5119156475258524	0.5352499338670351	0.4852934530808704	0.5181719238445197	0.6151285929095647	0.5338163606914563

0.5586152200745107	0.7753904974626438	0.6962318374001668	0.6794237718562843	0.660592138470688	0.5489175979686503	0.5749981459100255	0.6851670290968668	0.6289974654931155	0.6194531251978216	0.594156480619421	0.5260449461344513	0.6097479459232222	0.5902027274465937	0.6200158965216298

0.5906031791985861	0.7017851515593629	0.6887084331778125	0.6986817270049368	0.7138092877460244	0.6003294998188009	0.5706002563709137	0.6554609175822509	0.7019030819350431	0.6292940967413378	0.5872356117818707	0.6271918794199702	0.5959375535761231	0.6100568790575167	0.6005210412554451

0.6766313434826157	0.7460612654138388	0.7089921317709729	0.7364506981693366	0.7831615333700772	0.5980773890231561	0.5652149107620046	0.719572010824944	0.7402561063676099	0.5087029396297825	0.6212215252740161	0.4560740589559567	0.6231051114868844	0.7009157410460704	0.5232952392569904

0.4082293807826064	0.490725368234907	0.5499890855707803	0.46523309121236467	0.5515002150169753	0.5363020251468998	0.531577806955139	0.5515072042956244	0.5688640508104639	0.5085255463314882	0.47705258080522095	0.5042587921967117	0.4077068682925391	0.5510484878778508	0.5424899148348995

0.6629946766762556	0.6920115909255391	0.6332660127895828	0.670207293110873	0.7136151851387533	0.5467798416014755	0.5764656312362566	0.7275938857823023	0.6749459515989968	0.5453248395797623	0.6161924627312275	0.5069390856555648	0.5925634401279016	0.6916888079561255	0.5782321015255643

0.53477413093605	0.6328368283176424	0.6060267174681382	0.6609804184270517	0.6968742532955126	0.5156847952949805	0.517418096372007	0.6407072161261794	0.6398573046387968	0.5181256956799252	0.5237700752892476	0.44442914159632285	0.5581705344621299	0.6018196869391548	0.5709797781827426

0.5894386014153978	0.6570038668294912	0.6371350621973153	0.6260455775186883	0.7127825144320188	0.5020475732693813	0.49027277952472675	0.6015371982199903	0.6312455715927512	0.46597586628055665	0.5730024129469066	0.41219910600557697	0.525730453704413	0.5832255566189049	0.5505016055838345

0.5899048756801826	0.7303549912582574	0.6391653680903573	0.7273090938246127	0.7597332002727911	0.5885807856088403	0.6066905006986112	0.7464418738086458	0.6937212760464453	0.48201512129363366	0.6195773488337377	0.4910595174160187	0.6499665900836005	0.7223800720222666	0.5418806440221899

0.40664766629992594	0.48236823576664173	0.5141945902629119	0.5093660018588716	0.4858883764168347	0.4692040333258226	0.4595910883381621	0.5032784397295703	0.5140790105482186	0.5025410419817762	0.4799020405924991	0.4547484101083593	0.44611057812072785	0.45565547117923877	0.5857313853910205

0.36875650019957745	0.45649107087452595	0.5165829869699752	0.4197009402318149	0.509887973691571	0.5240755911630478	0.45494856451074134	0.4549864365146643	0.43523833451284133	0.5072316117956812	0.4521627195100787	0.41829268875542164	0.4375053188709886	0.4231677608642247	0.5306607588354681

0.38153949536608567	0.4438705593673809	0.54444556862409	0.4220007368387276	0.4497479507619005	0.4761635309422136	0.44545742454381	0.436798535745045	0.4797520007837581	0.5275525458715634	0.43306173965427674	0.45784006329948634	0.3989884067346333	0.4491842777627314	0.607367529961883

0.6743500623932723	0.7229473787200106	0.7121580731328943	0.6880916712758154	0.7419285851809929	0.553319341064878	0.54833359750263	0.6376418512089728	0.6513115891927597	0.5508265112319918	0.6086635188512296	0.46892575056010655	0.5916893911898986	0.6347047438001638	0.557799943563525

0.5576938872648125	0.7024345788847153	0.6634684796184429	0.6523306535340982	0.7067880174173424	0.5697853761477861	0.5693911698483103	0.69821902916746	0.6729000947815413	0.5524684693787962	0.5759504454866025	0.6038038496524848	0.5813682865083458	0.6670072176892097	0.6124952695362565

0.6174973388969478	0.7355722015946378	0.724944277039328	0.7075827218238087	0.7126799755377915	0.5590179741323863	0.5946199859005368	0.7029778569935422	0.6934368600260781	0.5610214244711764	0.6097636517102452	0.45504068670031406	0.6017174096133637	0.672560325411448	0.6027409246832596

0.43716359085049566	0.5299116977525014	0.5790316293158994	0.5450544482092623	0.5681921277944785	0.5930195263415007	0.5408940822846982	0.49962504424479803	0.5243245811261286	0.6267524806257736	0.49954916521174597	0.5365133178934974	0.47701990472494044	0.5147037244908135	0.6272252824572634

0.617868735588376	0.7455582438125932	0.6641909834496433	0.5619653749184766	0.7299939010090757	0.49576298324102275	0.5402645963824194	0.6063779762506057	0.5714789257917268	0.5017383648872634	0.5591457130366637	0.39561885230893745	0.4737093497291723	0.5573867939903643	0.4560279524101667

0.6234586101523201	0.6842997329881972	0.642665710991335	0.6111146529708164	0.7410439676291509	0.5643930859377385	0.5533298346760818	0.6744825565637532	0.6851791565937579	0.5231021900222477	0.5822421611532838	0.4766910594164667	0.5369817630913024	0.6438130936883415	0.5289185439230598

0.6002332127207332	0.6645837366234573	0.6102624890127358	0.6329138540298075	0.6827898908538119	0.5285143873712607	0.4709648191472471	0.579650908013048	0.5940932049895169	0.515750056257741	0.5551417236737042	0.4501089521871321	0.521010108114238	0.5495860108804171	0.5411802015613683

0.5947880316229771	0.7422725955598206	0.6690967746840822	0.7145305382163754	0.7067639749458356	0.5779045170440551	0.5504958426860773	0.6945718557618187	0.6960133597530693	0.5657410624047199	0.5998053305008773	0.5456344115791985	0.606144685216195	0.6309647495376386	0.6014496141825527

0.5409174525433358	0.6863098257804379	0.6304436274798605	0.660930383759481	0.6920932200876226	0.5514271488619189	0.5316196371005182	0.653795399552308	0.6766925160012396	0.5388039611833783	0.5673861820100508	0.5053600113936694	0.5700496604512524	0.628256626536905	0.5872141619879823

0.6082485451356379	0.7271106248992762	0.6416225367640451	0.6136544480786138	0.7527300112659366	0.5600147511076027	0.5456316648802194	0.6468878435757701	0.6455889748062968	0.49288074320023467	0.5842570864297973	0.4581132125480279	0.5551518619968976	0.6132234773808211	0.5004191186504231

0.5476429154824618	0.7427027712373062	0.664626936170006	0.6645245330365367	0.6564402382436243	0.5286216696002253	0.5527039814965382	0.6699949178524027	0.6556766505386076	0.585877440587171	0.5563106893780183	0.5044341570257773	0.5555281786310187	0.5993507336275326	0.5770650919453336

0.39541454311741253	0.5724444880562664	0.5700708529924179	0.5290639756309032	0.4707498017073075	0.4739314154678431	0.5341868351289254	0.5401219376560586	0.5005871122621532	0.5534548548427332	0.5211367174089344	0.44171436878278203	0.5253200228496202	0.477658050082418	0.524035262441383

0.6475539884069299	0.7522031125146309	0.7151773916833533	0.690525534274528	0.7690714169568437	0.5971100530382152	0.5775778407573329	0.6573364388895209	0.6578052243824616	0.5612835607414742	0.6418915871493307	0.47117483678502625	0.5951235659834412	0.6638072856842112	0.6041969965886819

0.5658652910189549	0.6840837958541284	0.6662520682523891	0.6614531538563333	0.6690677989386038	0.538111024978025	0.5494880632123291	0.6519951493084408	0.6448815602152043	0.5470248388905644	0.5753467540286823	0.4700683423984362	0.5818817720833093	0.573306774096003	0.6024737953058571

0.5669909533794796	0.6464941212176104	0.5882491700972974	0.6406395332272284	0.6130424114376227	0.523831132866434	0.4783108332568981	0.6081862030616911	0.6138888863792773	0.5386467169037312	0.5521295089083356	0.5061036378270065	0.5222744575992497	0.5499118936261496	0.595732594424886

0.66298571348184	0.6864225138592812	0.6785770969789574	0.6500681473018144	0.6814866196668373	0.5159186468546002	0.5512579317015156	0.6169570626556142	0.6246482738779888	0.5369109435317998	0.595505209686421	0.48028545675573336	0.5613982139924314	0.5943635651336638	0.6045947672244276

0.6605812370077464	0.7222312767297893	0.6758308700041745	0.6391758170577173	0.7392216531735252	0.5362058707540034	0.5766296630940795	0.6181531916765142	0.6147007426174903	0.5629555484260592	0.5713740782740707	0.5048960059215509	0.558181248799432	0.6111774064268805	0.553324984732311

0.5689808171333504	0.6817192021772547	0.6277569928468879	0.7010838746824937	0.787678043631947	0.6020238908332329	0.5883910808215812	0.6160953117751536	0.6469264077233817	0.5870467668021395	0.5783858772863455	0.4625256319721619	0.5716897169178519	0.6345709540343581	0.5680002908396077

0.6131985662259289	0.7245133020557385	0.6783565522689385	0.6878948540515701	0.7114057239029923	0.6927430521567557	0.5486938562709145	0.6462511400422564	0.6786046482932222	0.6005888147194977	0.6402592253305397	0.5691611589434804	0.6054407815657578	0.6355328969290943	0.644729307135147

0.6231435380960365	0.6966305339724155	0.6526653655196826	0.7022689373187001	0.7208974986990259	0.5638369628925279	0.5635757454371779	0.6334701288108701	0.6377322621389391	0.5841376324416414	0.5968466879619225	0.5882807581359348	0.5768374101600225	0.5896231912673028	0.57459785760911

0.47470170705747194	0.5922327436142266	0.5598750323965661	0.6199677905436286	0.595889573327288	0.57030849980541	0.5572172419729257	0.5551316860840887	0.605320347080095	0.6319962560644208	0.5431248578878322	0.5405217809274219	0.5282993603117407	0.5446257950629532	0.6153519074887399

0.5068876646444154	0.6349450164469563	0.6087137841931431	0.6367108821272445	0.5953506438005293	0.5947727321491412	0.6316519830924598	0.6093231012531226	0.6183218890758084	0.6528042993211698	0.5480721978932657	0.5656805745411131	0.5258313024616641	0.5388166802630707	0.6186390272293804

0.5080801743528318	0.6590049451736598	0.6085464284209314	0.5853081513708888	0.6015228856510344	0.5171636002038058	0.6413291440372634	0.7151717318668	0.5730760654108075	0.559331634991092	0.5530889465604141	0.4541992595707237	0.5342538104286987	0.5827875306348538	0.48460287531486534

0.5239536649117169	0.6584212518334711	0.6394017859017718	0.6283928620779012	0.6301646539120904	0.5236483370427162	0.49739382768700535	0.6200273334507073	0.6355749370173502	0.5339741104116082	0.5407216265857573	0.4724006128315441	0.5199526115110852	0.571835807920647	0.5651288219653023

0.5503071958451775	0.700901192072098	0.697906811212206	0.635160838252406	0.6662418143074422	0.6795176054207386	0.6125842796931855	0.7474952479861509	0.6812672294711719	0.6364544016048865	0.5689517224130356	0.5776372792933151	0.6187745997090818	0.6761285705640436	0.5942682521142604

0.5352716934716836	0.5738353931339618	0.5469401928795197	0.5576189568897162	0.6241323984096231	0.4470744900044432	0.4309926872891111	0.5124396956990227	0.5214381653431149	0.4254774242777731	0.44476468669176705	0.40149277018049945	0.44532784470111364	0.4871588877832274	0.46404217944556503

0.5992658985623887	0.670673864692101	0.6408929941778163	0.6725649332826489	0.6949192162129526	0.5033367708537804	0.5258756314320092	0.616274683838436	0.6364421593399288	0.46678814795247503	0.5259734137842337	0.4144701876894269	0.5569718127669002	0.6512933559316665	0.4805375039115368

0.5956368288698216	0.6627463093934067	0.6245374996250574	0.6360817314009338	0.6773730910065819	0.5382811991616652	0.49545748461244477	0.6066712034612239	0.618992497441813	0.5124018898698842	0.5454609027435778	0.4838631860827674	0.5296163328629628	0.6038168324013701	0.554023615857091

0.35466512014722185	0.47273810359112434	0.48646749260184896	0.49729110170587304	0.4396444843841088	0.4410731476429173	0.40353919795099685	0.4681829143770276	0.47870248733419574	0.46274509580346523	0.4086706808791461	0.4026288826051888	0.4202081553394291	0.421088566342551	0.5033215863703372

