0.8409399558124449	0.45471069885040843	0.5158677927670052	0.49402356746245746	0.3693331456573749	0.3761004149066828	0.502544139369905	0.621624529133046	0.4556237916736585	0.4284535538971326	0.4570192263859486	0.3803654266415192	0.6387029519039336	0.6295171579017209	0.43656047429471134	0.39442084948610684	0.3721212715734409

0.4632592604975655	0.92691424336887	0.6392875589947908	0.5390392154436783	0.45016450599210667	0.44524367800153086	0.414016882527723	0.6747461012457521	0.42696909926893833	0.5072416027443445	0.4908864650482848	0.3653949332972456	0.4320586312363845	0.4517124316700316	0.5722202392646416	0.5558287842512339	0.5737777305068139

0.6272726820667636	0.33754674344115265	0.5653928757254111	0.5497624615501379	0.4498918373806897	0.37133382854601715	0.5270479518839426	0.5712566302629583	0.5200437908865536	0.4361639601046603	0.4695024147356011	0.4351230595868941	0.48776942133632195	0.4658435847908081	0.40752685840569813	0.3449814801368287	0.37145232005631634

0.48220447901426855	0.5614930895390291	0.5796586059524831	0.5693447478532208	0.4243472464489204	0.5630184723664815	0.4507078197760502	0.5514384375983648	0.5207855682008221	0.6120052992793057	0.4808885514250948	0.46313842024481033	0.36680202872735357	0.416651545572583	0.5153314126118017	0.49864005237145825	0.5500796233185183

0.5269128902654041	0.5665554561084074	0.5100794206577057	0.5205910714530785	0.35650632651663744	0.44666262326474704	0.41164055455816706	0.5848906729347506	0.4462292735796263	0.5025292210158336	0.4786960476197122	0.4883544874799417	0.4138242610365653	0.4340894544980624	0.5754148748903817	0.522695599534376	0.5959950495583062

0.38376113712251886	0.46614543929010877	0.4476645352567889	0.4819884505117986	0.3300965163993499	0.5634502424420758	0.38511981523603334	0.44828316378598043	0.42627758345315536	0.49960558063405924	0.37788133481891373	0.42288972188694335	0.2890135631037781	0.320760608053614	0.43116335025529073	0.4129642352426777	0.45324621504272866

0.48435680755941385	0.5461017389020997	0.45258303136528427	0.5148676742587825	0.3684550790381774	0.46763958908380554	0.5009298108625219	0.5223507765513139	0.4510964669041362	0.5816808611428921	0.42492254712462046	0.4545698401097683	0.3456344453059247	0.37454120738469854	0.5302274365057158	0.5041671298722403	0.539766344926003

0.47082438167193086	0.5117765041895866	0.5773396079825844	0.5203530143557942	0.394899595208693	0.4106865067649382	0.5413450174941494	0.5807850461682328	0.49903731012992697	0.4435634176173412	0.4915456401036209	0.41520487037688253	0.5003651481750893	0.5139123167654909	0.4466039568016926	0.4307459744557517	0.4070111436253932

0.3932204568560015	0.35414920279216355	0.66720129896644	0.46436423697011076	0.3450286839870754	0.3551442279088326	0.45547128048112595	0.48886931027989	0.43392790804651743	0.370220245922496	0.4459647499146864	0.3221890167611716	0.4352620277026265	0.4261061692154436	0.32374447881273477	0.31960010157187013	0.31369720729725875

0.5050389900818426	0.8616596035697413	0.7576164146902067	0.5844738999170142	0.4792221509892858	0.5757493545568029	0.47199391561419857	0.6917102260483972	0.4986679523992933	0.5292958337643358	0.5201759218186942	0.46060023805233025	0.45844317025076875	0.47164000412347623	0.5966060096245932	0.601206649613056	0.6531382091232556

0.5304872789192538	0.5539192421616108	0.6345505608620854	0.9249251426609852	0.5012090177325006	0.5522991186862678	0.6869158114899845	0.6473573593343347	0.5666172217170291	0.5652220159790962	0.5652502178790582	0.4607055606915576	0.5291656428781534	0.5234625299623247	0.4684499849937497	0.4790864640131685	0.5222939592156749

0.4459351276514789	0.5013773766380127	0.5645302065300344	0.5523594779492605	0.9532258564175897	0.43561030867398687	0.5283748646931297	0.5499096897102757	0.4652991254229007	0.4575373190900738	0.45557922815558705	0.3559087728940569	0.48834122388332346	0.45104924834708837	0.3913408132430739	0.3783098300928832	0.40247165214752767

0.5595206770657268	0.43506969875606866	0.5811734211599491	0.7058647270610794	0.5305507892869695	0.3941691082739929	0.9714545299026454	0.6567249128162803	0.5976200216769101	0.5467069202179937	0.5443920533891692	0.3920504660655338	0.557219301962628	0.561537780495394	0.4383414357178249	0.4895165268179519	0.44009955980877247

0.6863755812750556	0.7291696931103757	0.7353055868957155	0.6669891549328595	0.5238605378871548	0.48532434856695794	0.630364580123064	0.9982268278204797	0.6105364285951631	0.5569336515614163	0.6207590131326957	0.45255367481352127	0.794479478572245	0.778548559978561	0.5200562595780015	0.5306587102451601	0.5221216958635475

0.5049927375477551	0.4450986690115069	0.5708702519715845	0.5721737603358721	0.4113232983130181	0.45320042820810824	0.5805244557321736	0.6081206243702024	0.9905043191550063	0.5051515882876241	0.5324174284094563	0.4226964207147069	0.5674845388799592	0.535524875403443	0.4460741341359801	0.43320003556906617	0.4572736782341442

0.48135050609792707	0.5126081407059205	0.4597689210990269	0.5514619300003167	0.41989540436597256	0.5828057525294359	0.5386838389688419	0.5545297658211664	0.5123374959465483	1.0	0.454160066445388	0.49505873133263045	0.39050728506841087	0.4082658603923495	0.5125116445061388	0.5308842067526227	0.5262184375271906

0.5177279765377594	0.5255495936397688	0.6594102890224152	0.5834685102198829	0.4356609719199155	0.4438305798985645	0.5692660967118125	0.6381150731259797	0.5485198831591154	0.4692692627793441	0.9545491352188434	0.36196912819498045	0.554973376926903	0.5953440000434564	0.40595793720662104	0.4790081956839672	0.46298491586650503

0.3810148862995713	0.3755924739268497	0.3758117260626057	0.44396919526587947	0.3246853232704693	0.38241430952163785	0.37382932701769833	0.44020552101036675	0.4213238885143692	0.497569142811389	0.32823007606829385	0.9969959470837348	0.2908005780462492	0.2900827802940491	0.4780649797909261	0.41197137565401176	0.42979652577038463

0.5961318338562192	0.514185807065814	0.3818546188933437	0.3707071235053191	0.30209454671039293	0.41162231382730274	0.3212677471898604	0.6653809187332149	0.4066684133476265	0.4509982594618367	0.3343889813764768	0.35109439114915064	0.8282984232362232	0.6231601121402731	0.45503769326425414	0.4714216866427269	0.43261392208232774

0.6406126645246375	0.5536338941568832	0.5827162477591569	0.5452948330568136	0.3904579612606697	0.4379688583015584	0.5503088898263722	0.696747534652806	0.5198421257890292	0.48586323755302807	0.5474324925456635	0.4084594651005764	0.7263878776762245	0.8177692406528694	0.6683049052441121	0.5270860024791337	0.47746176711382143

0.45162667499350284	0.6222219036136593	0.4937391365031475	0.5243706622422493	0.3700136371819285	0.555685552959386	0.4772654859317832	0.5383982898382318	0.44813009991873703	0.5383299633662703	0.4318143536585002	0.42504526354483546	0.3839125498712651	0.4009837503034842	0.5502018377619511	0.8441944617866726	0.6866127955814642

0.37792188823754497	0.2832933501992106	0.4923960183150595	0.4202554359158125	0.3660023994374365	0.33373408484538764	0.4154218163974701	0.43182867185732854	0.3838514655409826	0.3256102914518546	0.44453071640375863	0.26770812204699146	0.4173985409120031	0.3961795770903536	0.22220380903343168	0.25188264186202836	0.23031846826192368

0.2836420811036279	0.3450199273626514	0.3096119454553968	0.3395280415596116	0.22170175283455884	0.36179655508781017	0.27899649196707615	0.32649143762639954	0.3145826380943237	0.40412740092164645	0.23726233563603347	0.29495244539490695	0.16632211711158473	0.19072800743470938	0.3018657110655407	0.2898649493746682	0.32193459335703084

0.44848382295276956	0.4846104575578176	0.4784750445588249	0.5244066172887741	0.40462651680485895	0.5347209139641325	0.4437282432984413	0.5039991974327006	0.47292784543880756	0.5531909462831118	0.41235737864674626	0.47770401130946183	0.304118276561884	0.33995012135161895	0.4552420610536927	0.4761735660506687	0.4697811478772655

0.49115676767018535	0.37596972297055753	0.38444762047848313	0.4222220394274738	0.2991207039605275	0.3995705850061213	0.3692070598288064	0.3767929273892522	0.3888341394156014	0.48488071088015816	0.3013103816968101	0.41755626759615827	0.24200588062316825	0.27271834324780436	0.4575337540893575	0.3993325732502859	0.438139252805878

0.40344772887613345	0.4304827956222752	0.36329793627209284	0.46453903710178523	0.3484582956990679	0.4217238494207366	0.415540574197662	0.4441340265013903	0.4673733830472824	0.5324724423368211	0.35117285608898025	0.4004683313693126	0.302097773310542	0.32162886323922374	0.43005035887167586	0.43814963917173305	0.46109585225213423

0.5474218205783851	0.5846566754393346	0.495171344315793	0.5450589967529552	0.36312733290585475	0.48813722447974106	0.44231685566275425	0.5449031314470723	0.45774827683009406	0.5492830556161702	0.4462587864328457	0.5807730302591649	0.35581950318125977	0.36257326107532084	0.5643068541042953	0.5210691641149354	0.5160966763515914

0.4628406807511935	0.4648041334407612	0.6048630966425899	0.5716962198568182	0.4575396690917839	0.4277732883910135	0.5763259459220468	0.6233847109923016	0.509611114782615	0.46310260889466925	0.5530228226183778	0.3998461813955012	0.5158474563905571	0.5226154047923093	0.36231501863350457	0.420076308453854	0.4279082822994307

0.575628679093372	0.4883604918569956	0.6187308907514562	0.6349453620436136	0.4832698065477961	0.4358557802430241	0.6275564483987323	0.6543675255878729	0.5827178375736415	0.5018983875025854	0.6136549682467143	0.4364887454791704	0.5553801661736941	0.5412691597562431	0.4683516713291417	0.468860163185973	0.48937425805598744

0.5483800934464835	0.5160086673894988	0.5955358325100337	0.582510393277487	0.4994013497946236	0.4439240962696862	0.5748688958077406	0.6160774752554476	0.5518985316888012	0.5347866039211495	0.5299195659202662	0.3563871732474617	0.5941106103433476	0.5330476633397596	0.4125695129574707	0.4369686075583903	0.44696607042362135

0.5093615725939132	0.5445340023853489	0.5940825276653695	0.5536567150948197	0.4221024327907633	0.41901131160356664	0.5422526039018337	0.6084873739110289	0.49315046937943335	0.4768189507183902	0.5388643877388748	0.44021463675597294	0.5030440510464299	0.5032297588481491	0.4989258943829438	0.44837486230777035	0.4913694002058483

0.4278883232561347	0.47434879651202366	0.41732287255372863	0.5062084200517076	0.3611623816987548	0.45476526980465226	0.47503250071368536	0.47872788394564914	0.4868387435754924	0.5589843126656479	0.3710791702965593	0.42764004864623095	0.32491672869375926	0.3493187900614329	0.466025777237652	0.46413248871671503	0.5299857962223581

0.3400662363600677	0.4106812361356694	0.3341985943136153	0.37810816146750503	0.2481849320856142	0.3406859227976135	0.32959144952624025	0.3848028848818581	0.36094932349001063	0.4237146083846254	0.27009911986642454	0.41095747876109046	0.24314692079750527	0.24386619055370892	0.4284733054687626	0.3860640588338023	0.3864397197518131

0.5419675696889686	0.4609181915928712	0.5889090857225243	0.5858457726512205	0.43792852443848573	0.44428823096377723	0.5781205104685666	0.6627333838177246	0.5838063132782725	0.5019693585297743	0.552991243836158	0.4121003898929292	0.5608250792273719	0.5613365995623918	0.42672521427786814	0.4366579666539597	0.4696377055617866

0.5605491063788763	0.3490780957442933	0.5653935701457167	0.5659412395651267	0.4420966066526687	0.3982717599861174	0.575773045348694	0.5756740617679071	0.5404547119871026	0.49789359241010367	0.5184016031384795	0.3794539949107968	0.5090207588461026	0.4969981374896558	0.3925007218598136	0.35832407280611434	0.4214791488521451

0.3814019833886316	0.38633471615195025	0.335005755087902	0.4434020620377486	0.31760965693213283	0.3650590577762407	0.40198896728891753	0.4098312643511309	0.4654175071637463	0.4937088727406913	0.31955142455570473	0.3421054174909763	0.25424021661943336	0.2997759760951645	0.3779347418190221	0.3615594534715447	0.46503098041000546

0.4608224396352434	0.5223592796080212	0.4573277248205406	0.5046500409398813	0.349613541349873	0.45139941064966627	0.5119957612311401	0.49507241985708383	0.4696195281926613	0.5593185543082283	0.387279258431933	0.4278365645579398	0.34690972091545846	0.36614658342907314	0.4950445853479815	0.47657173143152054	0.4998633009047409

0.40571386080008953	0.36549862806436495	0.35282210992110735	0.40724601169010555	0.3106531476172027	0.39809927706771026	0.304223654198851	0.3696491906489946	0.3921262836477638	0.41820764601404686	0.31672216700164596	0.3930186981690629	0.22863447863309105	0.23085456891176723	0.35873918597910737	0.3514675542288894	0.4064996303682704

