0.4928398903030248	0.31081883864880777	0.2830484483790451	0.28778263410855476	0.41260920974074666	0.22610282690755135	0.19210299012409568	0.5152213823446339	0.2971269174485407	0.2636067296884151	0.20069620139069855	0.2907816215625727	0.20628856930204253	0.30857184520578207	0.33066325816621245	0.32906593542561446	0.30226145036553187	0.3217332313219675	0.05300062120878536	0.12440035066597055	0.11485203980145173	0.11930008264331424	0.1855749024350608	0.1327740788715689	0.07068137171720419

0.6538764024947372	0.664944749470966	0.6263229620595261	0.6624608942810399	0.5046341344501273	0.5472447300654466	0.4139800379865609	0.5748414694896943	0.5961923925863065	0.5809307314360036	0.4528084829825349	0.5253978197268772	0.4027167248177428	0.5252424481625582	0.5030964630314302	0.4884026929818652	0.4634127108945826	0.42454065053997564	0.2729775411190878	0.5367367498845415	0.5192847541919352	0.13860452490408934	0.4525548969158484	0.546083951146571	0.27478298159123576

0.7401534686588179	0.6422904710910953	0.680557149666978	0.6893063266326591	0.917007140574829	0.613907880339113	0.43979744162546974	0.7198534951060056	0.5150336380366289	0.5343034073218611	0.4214956743240291	0.467376434342615	0.5542766482596959	0.5310816211473048	0.4698524484104145	0.5332610444851043	0.4571582509496712	0.575641476708941	0.20946015300814572	0.4169528298267351	0.39118556745658406	0.1837387823496191	0.36673908674781364	0.4195377067839293	0.2396085157915584

0.7122281034263256	0.8136302491317529	0.5147825455434356	0.550608942868945	0.689557273958294	0.47799099404462864	0.30011437891039344	0.6583843904406563	0.42459122090330226	0.5616779268651813	0.3500615767472114	0.44269071492735623	0.4571687754458831	0.4757274729528692	0.5006840928106999	0.6192297442849459	0.4696778487299682	0.5117504435329189	0.13668431513040458	0.3513393277321002	0.31271336293126395	0.23282299143684743	0.3371424720804289	0.3362838467289406	0.15817854382390423

0.5482142540479804	0.5383694176426759	0.5401132582261359	0.5978984225270144	0.6160306941901714	0.6264261901846041	0.48469831161092103	0.5394908154933187	0.4448551211525093	0.5663914036272639	0.3708743271977192	0.5061870101751781	0.5172468704353694	0.5123773812588086	0.4353427690610844	0.42383688042919127	0.3670618838677504	0.4358945718684609	0.1969404106475476	0.46169284479527173	0.43922440916802646	0.16301099549288722	0.4053057853879891	0.47049142173511016	0.22672985618272978

0.5071892287830552	0.5197366899595608	0.5940721165036882	0.603440757884514	0.48022740258492713	0.5181010006073677	0.3774813336810903	0.514695490859268	0.6433005919246162	0.5352054880571275	0.4160326269745195	0.5674701388905438	0.5629705889738793	0.5488464555031904	0.5633636564834938	0.46743257038940367	0.45399957486779763	0.39037152267539976	0.24107265331348593	0.4427146456714258	0.4240766863014216	0.1624510825162636	0.38778877924366784	0.4545806441461893	0.2975145875943

0.4900482671189904	0.5249284277635132	0.5928686865251581	0.6119859309313528	0.5463324254972183	0.5248491292444563	0.4182839303746467	0.4428127368956566	0.514070286983155	0.48950198581717524	0.36411252675363487	0.4549450354844603	0.5273445684296066	0.5250971109242317	0.4475419240545578	0.37411778955816727	0.34481638768009226	0.376844151461193	0.23441818594384717	0.45400232095874804	0.427665222640911	0.16498280530080206	0.36603954959402696	0.4555678551730319	0.28226226034615953

0.40692727934944817	0.4126230813011697	0.487176690277519	0.3960895486252361	0.48053939190975725	0.43750726104577975	0.3542036996700441	0.5239411481029542	0.4281005536427849	0.4654404219514665	0.37361336884078744	0.4334794400848374	0.45801224184127215	0.46942195471592196	0.4118368091156165	0.33460662353241877	0.3516420460720912	0.3737950383929068	0.09924831055485865	0.18295770979880424	0.1712063529611944	0.15017944449211656	0.21081543091522653	0.19224066889922867	0.13049524147125857

0.7168919195394443	0.5795544488411266	0.5326086544328588	0.5272038627739636	0.6666604095356221	0.47456137891027345	0.3387900596562011	0.705775892338312	0.4987361559733938	0.459073966873034	0.3681185616295406	0.4860468630586776	0.5044712068151558	0.5161532688874213	0.4397816417324596	0.5196421313567195	0.45199752666832943	0.5055594964971144	0.1446854464934131	0.32930717571723317	0.3107333273712831	0.21832524641897147	0.3268531566204952	0.33427735199413783	0.18112865854438898

0.32821391139212824	0.39301002087077874	0.37658390288240606	0.35454975722686144	0.4866061573925542	0.4594516222743098	0.34268611795831394	0.41128665095505257	0.4058416385665937	0.3833393950508675	0.2788475842709053	0.3405618244490868	0.36240977403349406	0.43835160080076674	0.483747661692835	0.3332584817030739	0.3056068453139976	0.2956760793443685	0.07755053974759005	0.17904885492031858	0.1674355516957968	0.1032271765254976	0.16954022786063405	0.19234961035033707	0.10162808889649125

0.46317610404034715	0.4129251976175143	0.4740682945850894	0.46814407885996145	0.501279946521169	0.5272040307000171	0.8587946779318452	0.4464173193025294	0.40489924940114597	0.42388285950347454	0.3068331269078298	0.41745822781899117	0.3960435548770048	0.3808899332358066	0.32353946334026845	0.2949887921029276	0.26671983941542643	0.30566045181998885	0.12775594040776714	0.3895654148427406	0.36624257155695483	0.11462681517323445	0.27544382723657335	0.3914265658287344	0.14157648092038333

0.7060487045604984	0.454444325831621	0.44349604245679486	0.49895642713769417	0.5852294942851112	0.41617304925114695	0.23580870133631993	0.644647385755906	0.4719375927931618	0.4425270986097959	0.3002039388910993	0.3913455134626882	0.40949052047291024	0.4154005810431387	0.46681952431524654	0.4715345562965684	0.4557208296945513	0.47658904453612516	0.13752056296316884	0.3391625553211087	0.3107045350226347	0.204348603635022	0.3299155468466985	0.33574502509049586	0.15577375578832175

0.4182213134791649	0.4522214079613158	0.43243209263728305	0.48182943638664916	0.49811153811478215	0.512661101567361	0.3741530408834155	0.3840724282977191	0.33976398167153665	0.42866227220258124	0.2528352089130811	0.4350897982615744	0.3903978901117472	0.37411565961207505	0.3630271668752261	0.3257642682017855	0.26340600735525566	0.3156543803653947	0.12186133742378058	0.38175997207840723	0.35788236885639174	0.11494333966634565	0.2682422992419232	0.38211942909984525	0.1335792880588092

0.8338514195374183	0.522176096105083	0.8530391278306081	0.7392971815095419	0.7653648236924401	0.5563618646012376	0.36709530991155004	0.7623768712112242	0.5324942542332012	0.5598457485653754	0.4501113298268322	0.47011852465190584	0.4582541863667768	0.5164988394033054	0.45603299631611244	0.5475441021108386	0.5184078538676626	0.5785704285108135	0.21819981458352652	0.4510607121520098	0.4247603705112824	0.1896294302582865	0.400077400650679	0.4458399349611618	0.23709733231240127

0.4914241243284091	0.48216837995162587	0.5143782235976628	0.5338827608494041	0.5443349958064234	0.5145884070589725	0.3540817887250724	0.5149579523007898	0.5097004916516874	0.5020824748513334	0.3802083428161202	0.44585196610017763	0.41411512983579246	0.5242309987880149	0.5831017234771827	0.45369179278456107	0.41252223658400683	0.415316745212273	0.13626903481095712	0.337911027168897	0.309453006870423	0.11872765262302655	0.2799672542393819	0.33616187183104396	0.15168726241615738

0.5614776637143308	0.5479631067702871	0.5484270351655203	0.5195641866207432	0.6526892402077662	0.5650803779421356	0.41422884126841736	0.5285509071108878	0.592516135647609	0.5550131617452495	0.38639838634921475	0.5711407576702385	0.5452648112231169	0.5309543199947641	0.5756335648794635	0.47201278511806094	0.42554019734019244	0.4445825950323883	0.22260957649978313	0.41823620197596506	0.3998927341196248	0.20258832302640467	0.42789858656656127	0.4325342752483291	0.2423789683406162

0.7712588828627644	0.5300201292585756	0.5036180480063225	0.5367584522904972	0.6591952933017573	0.4654254899656711	0.33640508809686553	0.7472336146666496	0.5574090617672376	0.5090538206156588	0.38290156534862385	0.5239064957503438	0.4857442869618448	0.55274353606359	0.4736852583921093	0.5426740952437814	0.5159066922036094	0.5575301193017766	0.20585528790745317	0.40253046848965385	0.3825091342947243	0.21228313584187952	0.4561703409415674	0.4122942366487956	0.23614539848559066

0.44287697361877165	0.4421872030504818	0.4576106443105389	0.5005409350006488	0.4983585971846416	0.4063257984931994	0.3638535488167218	0.490946992903224	0.5292091050315801	0.45222334596517266	0.2705120801969002	0.49444960969095664	0.744814190748577	0.600206385187689	0.4466694779803707	0.376349597318328	0.32492556274073386	0.37578402363209273	0.17369050704009426	0.27474347066756466	0.2610101568179762	0.16757405502476927	0.27551806485861347	0.2995263175567724	0.2883313655865857

0.6302624636009936	0.39933791068866575	0.3811959554746162	0.4353166587346184	0.5493192820100197	0.3899891809653807	0.19462387725252978	0.5706059892779792	0.35844553329267803	0.3610924410344404	0.25763989101079227	0.3255354165577839	0.32227513040187655	0.3556616408282324	0.36316351738783875	0.4097362958816182	0.35964536026250427	0.4322215220629122	0.10461514297824213	0.30625713533618204	0.277799115037708	0.17108278700317658	0.2838138162754847	0.29729623187331744	0.10989520121615426

0.6691852369874365	0.46896816628105087	0.5085348473419583	0.5057291244559239	0.6019612088754676	0.4180659976200033	0.32525860840947995	0.6775929308022922	0.6086213683609518	0.46669601764629076	0.35416658497471676	0.4444579268986963	0.42483450462659683	0.4986719412075681	0.6113381215456813	0.46911585869584427	0.40527993049147615	0.474559252309122	0.13472347472717586	0.3363654670851157	0.3079074467866417	0.1781691428854114	0.31430140248435834	0.3347428777501312	0.1605680700237234

0.44215931552480414	0.4525939008124984	0.5040348305215931	0.5345553978268592	0.5391296521988562	0.4699864267741738	0.32313284839201867	0.4037977354031437	0.39918230736206817	0.44326403265105674	0.27138010611975705	0.41774386740831393	0.42484646985345154	0.5939848341615781	0.5003837424007337	0.38231805454896933	0.28142488306515223	0.3255151129524353	0.1393510651908857	0.3886574773645717	0.36923988632612315	0.14314221866887028	0.29417020764616375	0.3937392089899676	0.1548618677095504

0.6964206243851574	0.5242809520226122	0.5198841230182247	0.5349172378103175	0.6607361516679802	0.4981224793291803	0.33422257333088684	0.6633244393544669	0.5475422026612546	0.46990378445395736	0.3767113343555812	0.508980369546099	0.47543326559341215	0.4904419691529683	0.5263160999262584	0.5000547209128706	0.3561099906969907	0.4991407972340818	0.17633819295519967	0.444043872129326	0.3988144311177026	0.16969411346969113	0.3373170930428641	0.4235884756937699	0.1877169882718659

0.35110444016594966	0.4409483360356182	0.3861113679169236	0.3352501802106139	0.4395751966807896	0.4028318214933531	0.32228968089510185	0.37018287417737283	0.5547981319815575	0.32667215608166733	0.28534054509422957	0.396510923339529	0.5084806729988772	0.4436966394725627	0.4294479677759302	0.3851134224662215	0.33852149558798117	0.31356482643917605	0.13640648256188906	0.2320594770691416	0.21887504068544422	0.12532088187029733	0.2191496632688792	0.24935633702662502	0.20995557615181165

0.48588086564110355	0.39856252570587863	0.41326781490847164	0.39681480548691095	0.46176068661122704	0.37274698561471664	0.28153817296935435	0.46834955090741726	0.461121914273333	0.3611242952254835	0.2736737714104078	0.366805456912903	0.4568470961679044	0.43417553917345525	0.4332463681261869	0.3086767726416247	0.3135104111346404	0.3335127498390349	0.11065128615252198	0.2327919876610808	0.21736078078127696	0.16526426845177336	0.2298273909016701	0.2531951916012938	0.14412253225147964

0.6914219825839772	0.5409908476528089	0.46740797070308754	0.4784970679224697	0.65318408752866	0.49313452240401	0.32567995365883984	0.6483818583956478	0.5570751451963993	0.44901768712273893	0.362782236645999	0.4462914045816736	0.5465212349662626	0.5212081898799099	0.5747634428172996	0.5131764852227247	0.4642748897213729	0.508280282735461	0.1553263698301768	0.2769875846662851	0.26135737313189056	0.23238596692849267	0.30636092782415103	0.3030069826271765	0.21544436786531718

0.6645410389319296	0.4557848082749163	0.44956243361824133	0.4902947143999269	0.5973397525267854	0.4466313697794674	0.29033652329867177	0.6349486377989098	0.38453636784434353	0.41739689116243994	0.2986428969326546	0.36673979769346954	0.3645542613271409	0.41858359808792245	0.32535562297052684	0.4170521911900329	0.37875934508167286	0.4670606735146785	0.12622845138486335	0.3838265040155866	0.3592809898834057	0.16300448553540658	0.29699669428799713	0.3827778654611848	0.14281701080909942

0.7124156423519831	0.45171725094368137	0.4849645374478882	0.5354367866884053	0.5936711332364926	0.43299886476438565	0.34674127186987314	0.7527116636629484	0.45607989137362925	0.4814822033793025	0.36182956901194263	0.4952249999581557	0.33724723175260096	0.5228925745441295	0.6402196147951289	0.5251832539721213	0.5058618610514688	0.4954956300788741	0.135416155371339	0.3405947853020778	0.30860012743080484	0.21802698589447278	0.3345668442352797	0.3280447526638777	0.15065053972880482

0.6711635354260257	0.416935154278497	0.4703857264864565	0.4732786310289282	0.563676891391105	0.39357430895313544	0.3510375463669779	0.6734191844768357	0.550958271588526	0.5443620824846468	0.3370649553605495	0.4328836108791626	0.4268433238822629	0.440261845010257	0.5131246076984433	0.40452220688842494	0.41223156442253156	0.4618127802873142	0.10944087622088941	0.3115468034758303	0.2840801757766533	0.17505366022002905	0.27378719938449875	0.30826591636990275	0.1288974700700884

0.7069461646108677	0.49702630014136806	0.5440731506689229	0.5183516716573872	0.6266524605972373	0.46780547362081826	0.38551097239792187	0.6552211120401366	0.6409229138947572	0.5220096361832782	0.38331793189644436	0.51917152499885	0.6201538294703322	0.5575222540007132	0.5355210834096082	0.4803308197938403	0.41573242488627804	0.5127152140384311	0.21320215306560858	0.4003811973744405	0.37868107880381685	0.18788138418991662	0.3901886779206407	0.41707470203475266	0.24742883442976008

0.44005788565772386	0.4889600913754531	0.46154349461773625	0.41776227846845637	0.4856655750277752	0.43622745092232174	0.35185026487498394	0.5379022792119144	0.5561519577577969	0.4007708766259606	0.3327733833549469	0.3998767093649853	0.4973552293009597	0.5045194198829347	0.40469137872137023	0.36226849645640913	0.3496003008615261	0.3678215349018518	0.10313894242294308	0.19016362324385272	0.1792637653062248	0.22972099631916235	0.21938445225374986	0.2062556345677372	0.13532941479328944

0.7232600136629628	0.5054529205723652	0.5599439659894652	0.5597524610792762	0.6708396203329083	0.5242247085669929	0.3552059935057643	0.6723175328731887	0.5663220373208389	0.5130940762557111	0.39882038329098235	0.5168075510262218	0.5298584271067199	0.5137147358206982	0.45151817052160526	0.5005278690998698	0.39251307026008364	0.5508524070872729	0.1635920776345008	0.4223821473765038	0.398573397763357	0.1826982022910945	0.31288960834613533	0.4291350586534291	0.2060631836355784

0.6521678710944652	0.4894873902694049	0.46039489796987443	0.4944837128591708	0.5648267660933484	0.42727772411163695	0.3135391460552213	0.6058815716828281	0.48301931997392	0.42938624496845373	0.2991540456473457	0.4469512214043928	0.46414876731480026	0.442806335507711	0.46480566227028774	0.4597532446930448	0.4265272776324238	0.4565279027172168	0.13429089068500966	0.3369082754115673	0.30845025511309326	0.167888608927867	0.28887008900175676	0.33147909595322034	0.16738942468029264

0.4830052853850444	0.4393610196072976	0.4406518967102549	0.48494106286001376	0.4256332737868046	0.38008866678999126	0.26810266036418434	0.4244612789188853	0.4082090724485835	0.425467469485158	0.2528612821166758	0.43473548432395603	0.412859995883781	0.42159691843394964	0.38186811171807333	0.3362435631691555	0.2587769240083158	0.3261769096911412	0.12751401586850283	0.3507043363854254	0.31994065149013157	0.13067530836295033	0.27658604021744154	0.3498898695090543	0.14897287413771737

0.39378933386264015	0.5492382456794753	0.46782060072268067	0.4064573684173459	0.4925594436079239	0.4307037997191353	0.3805940792991185	0.38284281998189407	0.5045738912983512	0.41714301507979107	0.3075228511567709	0.44983753000473015	0.5765010262878753	0.5116037569604244	0.5066987379175226	0.43425873380285424	0.3208033760348385	0.352351209177166	0.12100982326814841	0.22206278689561887	0.20832947304603036	0.1345682515044432	0.19739780888012193	0.23814705588469753	0.1964221377641499

0.36993709535777297	0.383996533377106	0.30833940735781595	0.3390096419757321	0.3865472740279118	0.32169622141780985	0.24121474122151032	0.4139333666870799	0.3720808721171557	0.31852471146602934	0.2487438483568035	0.39029338714402195	0.3176438997201974	0.41079230832973773	0.4116462990630493	0.333198282898718	0.2701189633486266	0.27640535407390965	0.06081677049478047	0.14723476721961187	0.1350384728059801	0.14798610555808522	0.16995544054471798	0.1543521434848682	0.07817641469919939

0.3985819189656665	0.4126372730339378	0.35420044734615064	0.3476560360030542	0.4347924758031423	0.3544931604413584	0.24381972608712488	0.44062253309388194	0.4338403495835996	0.3377550620939887	0.2609828453541606	0.41560878508828625	0.4329851937101897	0.5320449298812691	0.3813158405063497	0.33620885356373864	0.25253438703341863	0.3120676249390177	0.091856686597929	0.18265784810570473	0.1749338649749806	0.15983356450972963	0.2223877052359465	0.19946048354478432	0.1441124617619975

0.4247303863113022	0.45196008864784826	0.4619435053679278	0.4663648953673341	0.46984126081516064	0.3926326896216684	0.2837747951555525	0.4299595089578916	0.5713616115499629	0.4222875047335399	0.28491236622993543	0.3741349947404984	0.4554018227229882	0.5235897022472261	0.458027612264591	0.35592306523051365	0.3292525035242671	0.33466233529984396	0.1428104012676571	0.344452393625597	0.31599437332712293	0.12975281595549332	0.30548262469768617	0.3442902501325588	0.1712763547724241

0.6741224697555677	0.48375973285248125	0.48903553094571706	0.4746180224063866	0.6322006284281854	0.4660324324906287	0.3135097916439522	0.6041983232771211	0.4913052846776058	0.43025779866637837	0.33630508291442585	0.38597739425889854	0.4393197467062223	0.4772584864610992	0.46197063265743465	0.42843497035641365	0.32522323931482655	0.49002062046936584	0.15565856563386798	0.39315280273661535	0.36413248988701225	0.1765325108003717	0.30217415907229767	0.3947881343653348	0.18051026598680037

0.6906599008097372	0.4969134256206841	0.6258305225394563	0.6276755128240503	0.6734116876865279	0.47417498106088907	0.3200167120047423	0.6526172322180168	0.5376837537195738	0.47260174893553036	0.3827897516440961	0.43636150325736756	0.6446910994446737	0.5290409776083297	0.4706619116789374	0.43738955275646774	0.4148799563497616	0.47313064577949204	0.1823756143932942	0.4166810416037765	0.36430438289756245	0.17777455653454916	0.35012339539190057	0.38964698096214634	0.2247460405198215

0.6624608238940729	0.45524290632238873	0.5734843801411781	0.613087373659909	0.6302792516139037	0.44439865938604073	0.26234077588226523	0.6012285456834414	0.4490036434201998	0.4340975941588013	0.3259231695049466	0.3943863480383025	0.3769200139468795	0.41816824157614685	0.40831634825256663	0.4491215004351601	0.33081124882952107	0.4403386010925989	0.15533044705972404	0.36187717376864054	0.3356828770167711	0.1491423792782277	0.3130645365921778	0.35944707311797947	0.16685407691067777

0.5584745378027732	0.4793850246162608	0.5314448838581227	0.5245797385495312	0.5189406387666757	0.45338005061545705	0.336541552308868	0.562940655972368	0.6045672620236002	0.5965106070588264	0.40904677974778775	0.44949928297010205	0.49394098839327216	0.5022930596623107	0.6305487520985497	0.42355085479224885	0.4136652725004498	0.400215221056927	0.09220369340444154	0.24409242877698126	0.22415338640212978	0.21196265422437943	0.23492296737375518	0.26338804963238677	0.10324436401457994

0.47026605449883363	0.4788124168904342	0.5227259386178246	0.5115436959105439	0.5133420774976888	0.4995123682506313	0.355306697448488	0.448554039247699	0.5469027119944416	0.4701900364761544	0.35338608315483794	0.48566472364079133	0.5255461532891654	0.5267539585155215	0.4784798870134127	0.45392166546330853	0.33775095585668	0.376447070581187	0.16987155587034922	0.4074286056072126	0.3785273061696187	0.13648883108120533	0.3190877672292295	0.4087671612095103	0.2091623880143464

0.7303022423337179	0.5376787978048235	0.5587037992590721	0.5506301845860078	0.6523214284955916	0.5089485344022632	0.41134344913981974	0.6997136251026115	0.5829213549602974	0.5338389437416444	0.414403132169693	0.5158431208655831	0.4712669317688092	0.5243681116120115	0.5673048622164112	0.5506498109592561	0.5043399720164099	0.5169447310893476	0.2206023395254845	0.4457566796965319	0.41302897514711323	0.21063777634928454	0.40394808832146956	0.4392254731626304	0.2534251562965873

0.5305255722219386	0.46781594713312674	0.513429034409676	0.4868098398375164	0.5088159673874921	0.4399358576494545	0.3855714032305001	0.463342155778491	0.5238212039695387	0.5840666509962996	0.3515048830720942	0.5061547114167579	0.5108223318445398	0.557401887802693	0.5800613409114198	0.4961111198922453	0.4766981459571545	0.3896259604881721	0.18293826992357554	0.3852015765300059	0.3636798910467447	0.2032822772395766	0.393946289700646	0.39555022466326445	0.2067247677288965

0.6857152712430716	0.4781626467099599	0.5307084412301402	0.5548845557553845	0.6186369502085274	0.479304754667924	0.3576877245204656	0.652487183761903	0.47692975844082247	0.4894783279650966	0.3552348920338629	0.41619366842187483	0.45293985470252385	0.48997230004583925	0.3919719787150339	0.4175497693910912	0.39362006445327213	0.47058015478182147	0.16056698593784668	0.42298517705916816	0.39718154669914274	0.1734672842594988	0.3428444029576069	0.42263728284932767	0.18558945663142576

0.6737827096941731	0.5186796185236706	0.6414729592081624	0.6514347563321805	0.6613434369251268	0.5424988230650264	0.37039738218284124	0.6234402790847695	0.5552804414806245	0.5003678557079296	0.3797385040511298	0.5195458923864015	0.5580788183881449	0.5534023903638889	0.5291191436486478	0.46152525666963995	0.3902567826904782	0.4666299894187226	0.17925431652073012	0.38295234517497106	0.35857643680766477	0.21822417865273758	0.3701944579416303	0.38857520459260936	0.229975424368427

0.4421390290180206	0.5005330213018774	0.5233311269728264	0.4359319577878429	0.5081630678291668	0.4336304845716392	0.3847080684618157	0.49837849323921823	0.5134155820931827	0.4446265517622454	0.36514633711226985	0.45030203298683535	0.5683350643678892	0.5933923679146562	0.5245219917373323	0.42673935598700874	0.3506547526419673	0.38228267342830213	0.15248478536112162	0.2595843795468994	0.24984151230848325	0.17569062944728195	0.2713314036184874	0.286520253715108	0.23909642900640632

0.3901760724313277	0.39787572989757747	0.4163947268053406	0.45264754169905014	0.40568298419679283	0.36825466302334353	0.23239511879979746	0.3602311144764099	0.32880509714274886	0.4021944572958087	0.2839038916920489	0.35461812455833386	0.42765284790024705	0.36582975529626915	0.4169522964284473	0.30140198996988743	0.2726118577361579	0.3199644339937462	0.16683037098128756	0.3542127289589646	0.3388653376492231	0.17043150615832628	0.3670440227124315	0.3643980757763165	0.15966262832089992

0.4228941747792575	0.44646559684387105	0.513472311382015	0.4856803555618907	0.4790638221941841	0.4100284720116302	0.3353004725105869	0.3740669389602077	0.4237319067400991	0.4518946525786523	0.30457604204162253	0.4082428594343108	0.5139001485931601	0.446588908785434	0.43763816533177796	0.3396852469023246	0.3628057749426232	0.3256526505321282	0.13782514847506172	0.34085381539956344	0.31767660773556694	0.15633166260785983	0.2995762623095032	0.3437932986649462	0.17320369560260096

0.6991223320319495	0.47521740475296437	0.45791961388605473	0.4807586874792775	0.507153969343153	0.44222213451424564	0.26980061944159545	0.6514254687780907	0.4646519368505134	0.44738835175221925	0.37218541367232144	0.39863758321908527	0.2965661749803983	0.4053993515155406	0.39081419437516607	0.4454949975513584	0.4000775402748088	0.4126708081743042	0.15280832590921564	0.42339201849157687	0.3890115376990861	0.15350522299257888	0.3497093820444962	0.41047033843038594	0.15985841009933743

0.6464137392037872	0.46329101204954826	0.44897448898786185	0.44503511997951783	0.5859347960704946	0.4302822919766897	0.31205714253911376	0.6171169992773695	0.4623469392320444	0.43124132053967895	0.31204249006243295	0.3972304327235725	0.5097100977898392	0.468572150957107	0.4921071425626796	0.4409773469898689	0.39011029070552744	0.4436146135220016	0.13946300174861437	0.40046174131171863	0.355085213947747	0.17081153892129647	0.31122023041468316	0.3843724409973169	0.1575923127667601

0.6688489901941069	0.47289421112584773	0.4191336839658406	0.6182314189115211	0.6140530843241763	0.4126950122150331	0.2881189284612486	0.6314276555200182	0.45164855505174895	0.3922646733650442	0.31638805585865104	0.4008645764368363	0.5705429651851504	0.5018233387344656	0.391524199923588	0.46940118447915147	0.42367024800899156	0.5071179413392709	0.124448609805317	0.22010160431256953	0.20691716792887216	0.17530131284923436	0.24595186945225578	0.2347491809371021	0.19170556432854735

0.6751044557783538	0.42341831354837167	0.46564801032175723	0.5050773687233661	0.6329261360121481	0.3926724967685299	0.34986117729375316	0.6180713858115352	0.4348408372611882	0.4282329229117181	0.3099514511686273	0.36911622351760814	0.4592833181946163	0.4744184649615546	0.36269441227314936	0.4674796866525924	0.4604287736513591	0.5119529150433898	0.12464286151693557	0.3262848538748755	0.29782683357640144	0.18802617117644446	0.29959350022684067	0.3216156806987977	0.1526181411289551

0.5883222916569937	0.4745551396553541	0.538043055555712	0.5437533580517973	0.5032036293111732	0.40943381701502285	0.3791258477104483	0.5409278733602416	0.49906110062415204	0.5214522595071724	0.37623110411316896	0.5442580688401193	0.5162721987663568	0.6009630084476525	0.5083567786534795	0.4178408503937392	0.4235702111044968	0.41861005155939246	0.20260655461866917	0.40986116588857124	0.39038062741310586	0.2136782935941162	0.44212951231051495	0.4230213358806925	0.23179194609847018

0.6558038695270216	0.4487337124345764	0.39849127085832897	0.4088487639413144	0.594223017065902	0.38652187492822765	0.28407529514042074	0.6492206124351765	0.44211825108438907	0.378839789409546	0.2830819947717975	0.420786891289341	0.48427545289499785	0.48077820577552843	0.41771223613556596	0.4997575091331101	0.44981879179099227	0.4774866877683666	0.0982035699612214	0.21114585983881035	0.19741254598922187	0.23461595020513518	0.28012213189241125	0.22315018801207587	0.15298323519731954

0.4638852580523143	0.436071635760223	0.4627335036311865	0.47561711296817777	0.41218514262087874	0.3896008662257542	0.31153144567304725	0.38691559664352254	0.4299297809177005	0.41790532864977115	0.26121115866864686	0.4108670112165183	0.45784373433526904	0.4683255138982649	0.5021026027980506	0.40018031264735354	0.33847694120798744	0.30493845365249106	0.1601816492331405	0.3618236415910804	0.33336562129260633	0.14673516840875328	0.3300778136017527	0.35917292124363503	0.20036611403637145

0.7119301266471199	0.4559051240651861	0.5138245233484612	0.5514091428911221	0.6154315280726463	0.4150310161668484	0.284482203358257	0.6336737847071736	0.40125990249318766	0.44486571386763507	0.29916968938296157	0.3619101897904198	0.40828883847224606	0.4094291082135612	0.4468017972376059	0.44680953977158244	0.4375955646208398	0.46791496718871645	0.14505105162973303	0.3518932423889314	0.3273885936600962	0.191566030302311	0.33027399351402004	0.34773557385274195	0.16556447911193428

0.2720639257834599	0.2977288231549828	0.2970035948225235	0.2668089159088116	0.29455287926861135	0.28684193007387004	0.21142578713738272	0.27910576443603424	0.3524854690013105	0.2788832008522456	0.1946976612236713	0.2899760178889032	0.3669959006251688	0.3685884032657275	0.38688111318444857	0.2542246116327062	0.2120349397526773	0.1872663647109058	0.061135188126615565	0.15678818263386812	0.14360374625017072	0.10351276792709072	0.14625570318501183	0.16849720415226058	0.09958501621205659

0.6319614403049046	0.44763826225974324	0.5134492614277237	0.5602045163371754	0.5835463748539057	0.4342910506005945	0.2928401364144304	0.5856914864651643	0.45935141360265097	0.4432137662221343	0.3106188265487817	0.42479451948934843	0.4181974208589979	0.42293364294447355	0.4574982906208982	0.4328474246977447	0.3666465841371869	0.4164188755340865	0.13455310103440543	0.38484061114119605	0.360616551668244	0.13481072270509922	0.28967260638738074	0.38601668363581765	0.15142823848361817

0.6841383640753287	0.5302640718478451	0.5197054498447587	0.5674690854631523	0.6629958753519565	0.4736357012767819	0.40331996033739337	0.7011163464868848	0.5078309232039953	0.5102262806845725	0.346642705194675	0.5334094489112389	0.6695183713217154	0.6512121275108633	0.5608783402481767	0.5282028463495003	0.49275961799821577	0.515626548626409	0.13359450005045476	0.26833178488708204	0.25002069975429736	0.22208725515870925	0.31293212373429447	0.3590903333683791	0.18831211831771666

0.6414578908774196	0.43261847750419125	0.35852573349027667	0.33486331607994124	0.6323319458317784	0.35777639478003126	0.27330337600255983	0.6588151265584978	0.39521897967051145	0.355352086611183	0.3158039555936026	0.3861623274576259	0.37325099883765056	0.44526921856872215	0.4012306531974461	0.4330654652952188	0.32565990026758485	0.5152632834348387	0.09312466294262733	0.18392582445040306	0.17125277063862696	0.18278173633072997	0.18254932566789672	0.19558006547740112	0.11908763541565476

0.48890651835334764	0.4773509743713794	0.47379522124879336	0.4896154328482197	0.5755869727509674	0.4994260749334424	0.3710431563925326	0.4553176566608905	0.3994536152827702	0.4766841455200632	0.2661695329985421	0.4103552303755221	0.49981105034846474	0.5126667440705059	0.485752210005507	0.3717461499353758	0.323731404911729	0.38869943098684706	0.15858319917775182	0.3606891264326927	0.3332224987335157	0.14086367107514858	0.31844829464794855	0.36273943984186363	0.1928367947028229

0.39523824179404915	0.352912856969515	0.41614694930072116	0.4918777258784883	0.36710078051602235	0.3570445734734181	0.21910877298552414	0.3654332533106036	0.38606178872588554	0.3959882470768098	0.26545973901933384	0.3661589921007865	0.5238303639526174	0.5359069692190833	0.3776810167787127	0.3154142398154631	0.24469466556581315	0.2697438757297609	0.12407869975591412	0.325720692113854	0.29726267181537996	0.10860221842460968	0.28832171759908176	0.32000990422704484	0.1466847240276457

0.513918008092564	0.4743837592952782	0.5123956041172042	0.5165214508747794	0.5193922231865369	0.4503662079169941	0.3561802426198376	0.48456519489305394	0.5036739123684602	0.5156148265867514	0.3328056907818626	0.4737555378550522	0.46080304326500754	0.679117660078755	0.4939017086987211	0.37644735223076675	0.3368938624238652	0.39753992790681136	0.17771723847265067	0.3766954823939775	0.35437108485992175	0.15767898473857217	0.38363000256793406	0.41154382872303097	0.2047865820399693

0.6836625990034829	0.5055789774397352	0.5998895314103113	0.7141846447136041	0.6631058187078112	0.4513236848413229	0.35738568645051355	0.6807943421732316	0.48124285514936216	0.5413351978407641	0.3651705308203504	0.4802161522680838	0.4267581727033176	0.7199257651765938	0.5051861042997321	0.477684376515231	0.40409114047119987	0.4710548968602252	0.14685831915266534	0.35285420999786116	0.32625089421819314	0.21952933998872193	0.37284782529675226	0.3505610656247345	0.16391921418077143

0.6065253007106952	0.39459408358925885	0.4254659763292752	0.48249900536927604	0.5460659435329459	0.3807103089038696	0.2355568215752447	0.588426740201055	0.4004756885608939	0.397435754052084	0.2850606469397009	0.3384418219353406	0.5418366538213195	0.44068132218533085	0.3888264460495755	0.397882506247556	0.31106595648672464	0.4065526950821212	0.10858975527343881	0.3102317476313787	0.2817737273329046	0.14712987769413743	0.28464801984928384	0.30514275625214193	0.12739720985989547

0.75241656071746	0.5247076169128833	0.5096896830464488	0.5836168365994648	0.7114862259949726	0.4671630002866407	0.30229474191625616	0.7845474913838075	0.43932606686628356	0.5058380267527003	0.3741931405199784	0.38156096827249697	0.403310403795606	0.665636421508436	0.4125850556784112	0.5091198094714714	0.4750060705879229	0.5552172674671931	0.1330005536802809	0.35621022093531873	0.2990500995883201	0.24669576264790327	0.3577294389512544	0.32034573599060545	0.15475160351756978

0.4804386160801244	0.5076376055241332	0.6209320767767101	0.5841589405206805	0.5193506935443157	0.527312475725343	0.39295799210783317	0.5469462966602496	0.5670457956845344	0.5487593849860539	0.40719489869674563	0.44058366565956986	0.4807492841079474	0.48960177009199674	0.5005464554020365	0.3834071170412644	0.3817488001303725	0.3709652009292646	0.13828723857290748	0.400788060827666	0.376754040414181	0.1568676464950395	0.30191934727796343	0.40127087706142306	0.1451492952667113

0.6162474612346592	0.39282041850061145	0.5105533000207825	0.47133278432597514	0.5177186587335472	0.4076691556949681	0.2408034351251344	0.5656750685183646	0.4168923133810074	0.4182038217764008	0.3112530079207563	0.3884763182136249	0.492091182765219	0.40929843612481953	0.35654466131463536	0.3893308250465036	0.2982624297668849	0.38949963065248505	0.12891476367274357	0.3868286618174427	0.36252480606743004	0.13009980831834767	0.2742040509921051	0.3874110676649496	0.15146234206753467

0.4814379812053956	0.4681432337688561	0.5514704401779736	0.5382860500450221	0.47019242180872944	0.4625204070251978	0.3437452855527283	0.5196780453900054	0.4961704271783619	0.5400327426340897	0.43052313293879674	0.8561957292499713	0.491210551401455	0.5171580210260479	0.4758900861881104	0.4355536088348909	0.3900965609502357	0.3419609682818257	0.16585238852813095	0.3698384139030922	0.34074780674651217	0.17039631979224676	0.34340978521260856	0.364501018799479	0.19048568971486735

0.73174951081088	0.5212348693078072	0.4351609601566691	0.4780738132496094	0.7138560987403432	0.4367527475903963	0.3110145985599183	0.7120366799614974	0.4629125579337571	0.4496826330098887	0.3066089490495098	0.42875845310325866	0.5281668165156757	0.5163653785598582	0.48023183794180935	0.5465792667126637	0.5392511673109086	0.5642840823975248	0.11688049925373936	0.25967995816810974	0.2405833364390721	0.25627994003505183	0.32288756718062145	0.27550504964081024	0.14981452133832784

0.3128849652880047	0.3237507359834982	0.3938704984725758	0.38784072052430646	0.31615906129813065	0.35257671325160705	0.19332624147009977	0.28032597787018787	0.44685348411147385	0.3378136789509894	0.2305520404668704	0.319066319627064	0.3954499214862773	0.3379084536737862	0.3587348764876727	0.23626505384994378	0.2235368898186531	0.214155760269453	0.1198831121938235	0.3215251045517634	0.29306708425328937	0.19120946612985296	0.23272405708354532	0.31782099988758816	0.1592568992785694

0.6236084719163282	0.3934092460846846	0.40195550443721045	0.4525842467455437	0.4939821150889191	0.36954369388432795	0.24143170493553004	0.5945035147840798	0.43569849523847626	0.4048459410593611	0.27339102890932815	0.40042073476874696	0.36496244582141824	0.4135653744886308	0.485063351994937	0.43930238481568495	0.4110367607169223	0.3980043919900095	0.10119969954410454	0.3034295094497518	0.2749714891512777	0.2155805561758844	0.3221593551989061	0.2955033126058537	0.11724149597351317

0.6424069298201531	0.418752748114789	0.33422674933817464	0.3692576972935837	0.5683033196297143	0.3265062561525096	0.25749297898416557	0.6400688598711417	0.44370875075534755	0.36357407184331325	0.2667829811406389	0.36623563491062966	0.40333301874247107	0.44668849469925337	0.44803910835601846	0.4846752876519801	0.43124565691874406	0.47044966297857493	0.08231506008233122	0.17311622159010692	0.16044316777833084	0.22691998005245384	0.24315691118359553	0.18170441720619668	0.12402392357539549

0.4468043461214204	0.3793124545776186	0.4305292884266106	0.44763341588071026	0.4019289956916766	0.3827034598407455	0.2721743900702742	0.40933957512875124	0.5264544992689149	0.422643070664896	0.27669944056090146	0.4260315076183049	0.42067762073015047	0.45820238672797287	0.46598443476129325	0.3484296196296125	0.3622182391522421	0.2997933989745971	0.12165958609659144	0.3246923185671968	0.2962342982687228	0.2695579000826852	0.2962046399415614	0.3200902399184312	0.15362127940047446

0.7206112637393416	0.47355042699448446	0.6146805503780324	0.6577735334756796	0.6998274588939047	0.4540941480544892	0.3681654849937429	0.6878959987017392	0.49585619978958106	0.4987476736712232	0.36547163580355857	0.46103527152343426	0.4192986832737866	0.491174496147468	0.5002441706386574	0.5059799417526245	0.5294315295601901	0.5022894168024432	0.16621389277699858	0.3758495531003682	0.35108091801670793	0.213554005240253	0.3872842397724886	0.3721257064231133	0.1845911114101521

0.6627285404733188	0.4087309934499208	0.44485039151561306	0.4749513233763588	0.5251015497944759	0.4047391787028378	0.2787257522582077	0.6157036097480468	0.45520620860444655	0.44134881557162187	0.2895870721764138	0.3502153429054063	0.4050708473520112	0.40902057597987573	0.4175038162710464	0.387366746518767	0.41951175073183233	0.4284790045493619	0.13838579023193126	0.3374272955528461	0.31639290898821204	0.19694786798920333	0.34004791761976927	0.3430899535717725	0.14110393078772515

0.7130388608434726	0.6027349713935903	0.5082118199626311	0.5323818644304873	0.6707239398392687	0.47488949609472275	0.35475753619480377	0.6881077023172806	0.5147060528342124	0.516530416122269	0.3672899854826067	0.4331731633710374	0.47590141721585555	0.5106704823287729	0.6946308426598211	0.5893686009590653	0.5246336429382212	0.511115515231173	0.12438273476843009	0.34668080976640214	0.2909393369429177	0.24639542254657198	0.32101245486326185	0.31099056543880726	0.14876450613677603

0.4505605056134268	0.4288496639082879	0.45632160836316116	0.48170298513211884	0.4228462847941201	0.4438167182073056	0.25245894835312965	0.3599870504881854	0.40056273534778286	0.46929834821234395	0.23103693871585929	0.3914569829419914	0.39143020661226646	0.3774152947520809	0.6302733291487846	0.8347765697622291	0.3110232863956761	0.3001758664789281	0.16379726138535275	0.4157063190653713	0.4002137246481251	0.09382284628897429	0.33988631066234654	0.42814898699669046	0.16566814699427856

0.4321809807023953	0.4367129571457061	0.5186350041717774	0.5390829757107283	0.4647908936851568	0.41256380636052903	0.2895445421399122	0.46999715376134005	0.4422710073627412	0.4825295227831762	0.33296856072634157	0.3987600356892782	0.437263428274733	0.4476632808748905	0.5401250961088089	0.38978472124837427	0.3381813714097689	0.30298633812413095	0.12258830436828216	0.35267941925474255	0.2975683616842085	0.12886590673007747	0.28586967203935165	0.3207370938142459	0.13692638351015524

0.8322989205347835	0.5373553286134878	0.569271081457561	0.6074300555721313	0.7025396130244072	0.508683036240146	0.3284418947400296	0.767540959879615	0.6069867591668159	0.5664879613952143	0.4038139294909917	0.4585359451894138	0.46378770552035187	0.5334498713529112	0.687076056975644	0.6729524561851823	0.5934821765342373	0.5930322405382054	0.20700702714578037	0.44536360442731626	0.4179771992848913	0.25007864783966943	0.43067125884999047	0.4539718750055095	0.23119228031443506

0.6063280133463096	0.41336091544976994	0.4695852599072885	0.47520526672981594	0.5450720481633999	0.391270509671551	0.31126443543847704	0.5482722402078595	0.4476249112927231	0.4743094709037183	0.2969358351574919	0.4091601219713168	0.467287220041829	0.4650367689033199	0.5163690841790817	0.40564512949756387	0.4856436754475079	0.41680231506476584	0.11142166954822039	0.31377656144817895	0.28863250464285495	0.16550784604329005	0.30109105212233406	0.31052498463333245	0.13149838647041917

0.4825100254615181	0.4371147390318074	0.5722347822748917	0.5242717754340349	0.44972511178483454	0.44964163747035657	0.41279404864253844	0.47247463351165797	0.5551000343391834	0.5824428933472723	0.413450332384913	0.549147760741359	0.5276284796919292	0.5425669891839915	0.5181571491398795	0.3972199645177844	0.5414418533654326	0.3318340716059629	0.1586617644572607	0.41909560729096496	0.3953733870886817	0.1839649548724585	0.3683114917080327	0.42483063641639907	0.18692657749825436

0.5302857351219603	0.32556831828423327	0.2753938748789432	0.2715201477172598	0.41832338572921257	0.2673572193677593	0.19748767295019237	0.5340432704067628	0.32710142802808	0.35737967685520783	0.237054601733879	0.3044342901497018	0.2670636534686886	0.34928379472769977	0.3952706957538555	0.3456734056094295	0.8641292830540258	0.34505838189753246	0.050216979946762094	0.12161670940394728	0.11206839853942846	0.14992639178883443	0.16353973681502232	0.12919096913105513	0.06698856116298184

0.38176727608212974	0.4112071604346875	0.4447639858437188	0.40536333639458977	0.4181133645950902	0.38346920054690337	0.26054495893094154	0.4206231129511915	0.42921744273032425	0.3836685310888772	0.28598575396410925	0.4683788190115681	0.4006002885893778	0.41163083157310865	0.4775415132756864	0.3348195438113317	0.3282978675240101	0.26464555914991805	0.09699164730425483	0.24888038267679455	0.22894134030194307	0.133927809711386	0.2644399742466288	0.26857106516477325	0.11704894619589143

0.2234145154210083	0.3046532237829412	0.25359020818926703	0.24244309866699137	0.31006120544897264	0.30318588598144147	0.17882295082243332	0.22966114648945238	0.26862675428707156	0.22928357474201178	0.1738859549019612	0.2630894644938487	0.3107320175108855	0.28220186856079643	0.23390675242109135	0.26314667742887976	0.12719024594250405	0.19316967885786507	0.06493423636462806	0.1605872308718806	0.14740279448818322	0.06287587238202663	0.12864413466530325	0.16959065030855675	0.08420461922523698

0.6980826608336558	0.4950880872608694	0.508561451977912	0.5638835336276763	0.6670723303951027	0.4771939895042928	0.3029659358287026	0.7088534041448328	0.45941575187117334	0.49174466303900444	0.33784232372341866	0.4461254279826258	0.4281360349615092	0.4836710105787462	0.6545843166515373	0.5517383990411749	0.47010732293447194	0.5103321791148828	0.16162113390925598	0.36753849189972143	0.3409127711580441	0.19507431879635284	0.3509852720126553	0.3643484361323097	0.17745258226144617

0.5558733733002347	0.5377340094437126	0.5973085387624486	0.594721351369984	0.550453041190283	0.5481554193623279	0.3983104160289482	0.5154544600035826	0.6199759723521852	0.5463573315928152	0.4212387336000667	0.5398148885463904	0.5073862708038743	0.5906291025199883	0.6456851721964962	0.5177894559633474	0.4189786127048743	0.4342842468182907	0.24415543952717145	0.48890710881863453	0.46584792741380515	0.11968488651912254	0.37288393738453374	0.4930154608415003	0.2745139750176405

0.3665727398549956	0.39848830551245507	0.37696730583980365	0.3634321584105049	0.4403902609127033	0.35026864453906115	0.3217128033920727	0.4089165153210622	0.3538744843756333	0.39872043978382543	0.24034998814597952	0.4119336312191838	0.4900256559303367	0.4954872972600186	0.5750976472888455	0.3975647482450695	0.374495629587872	0.3150923229923037	0.10074523895490547	0.2017982025823759	0.1882827882120876	0.14809502677608594	0.22316976517753145	0.21628941007550162	0.14600142958383672

0.42854873432446405	0.42603703414284344	0.4563320119584102	0.4570048391677747	0.4139479150496721	0.4426321881030726	0.2901548111364312	0.35307007091221737	0.46710353075645505	0.43719614279562846	0.2565036065737479	0.41903599710372713	0.45231094395181964	0.37669578557147293	0.4961380194949271	0.358535151857823	0.3050946129014322	0.3017822739303314	0.1613268082479394	0.42175122063402537	0.40620170731091465	0.11659400577461565	0.3121376804166113	0.43560993770771084	0.2013627426497392

0.43550510107134754	0.44089524262014784	0.4656206170155855	0.47918743813191933	0.4494205960085121	0.4644715176266804	0.27393671698269206	0.4027087577326589	0.4628169641145883	0.43456275229510666	0.31360616381875966	0.4337811183107007	0.4210358015726473	0.41340035896192506	0.46157434937154634	0.3917528907664506	0.2536621421279815	0.31179548387654366	0.1679743965008622	0.43061905428811154	0.4074459230471662	0.09513847187482825	0.3085469710411656	0.43922828905021105	0.18641645467859946

0.33007094429864386	0.33705704973127315	0.34914717047773336	0.40218586319126753	0.3724356114654385	0.3413073877066914	0.21416574380788672	0.25358998175524383	0.267825246822829	0.2637846909451422	0.17584337948645723	0.2780510574912468	0.28329383959192533	0.27670519505239266	0.2744645632256348	0.23947215320253995	0.17097334334064587	0.2577171051048731	0.144916735270237	0.34655872762817685	0.31810070732970286	0.05997457800982438	0.2740226678285793	0.33935334576335985	0.1546538434220646

0.6612120722313435	0.520026973029123	0.4711126434387165	0.47890771909991586	0.6565201079650724	0.5122797010299771	0.35022557715000835	0.5960129079697841	0.46662617601578327	0.46634180923337715	0.3395762277738801	0.44746993272265656	0.5107877960237658	0.5049524084025638	0.4956164726960378	0.5358667224362708	0.34887075990728117	0.5240496231596808	0.18504636518272533	0.42297272466332303	0.4008851350425585	0.1363965789297582	0.3097669012764488	0.43066458962570486	0.21419096128425652

0.29775941259535194	0.31355682744611113	0.24692954293525882	0.28401006688144137	0.364395177103453	0.2825767593371161	0.20693071073160646	0.3065978876049019	0.2340666121852023	0.21347450393624723	0.13736709822770854	0.287454444596763	0.2725820980513818	0.28777158707737177	0.31798821109948394	0.2821958137341827	0.16545329873943299	0.25993299417116333	0.07659851096186795	0.15903720333395363	0.1472858464963438	0.07799294766377327	0.17084056414249368	0.16743910764602304	0.09881679361036247

0.2408185944084201	0.28846446184030783	0.2621288725348502	0.2510824088266069	0.2465528860889806	0.2330498852002896	0.15646316687494743	0.2550536165688423	0.19547608961414567	0.2749966069373022	0.12569271762671677	0.22965701445743475	0.28846629675038055	0.2489229248113313	0.2474792016980849	0.18464966806328284	0.1896122249544558	0.164513785499422	0.05523835650190184	0.13767704887398752	0.12592569203637768	0.1006084679182323	0.14429585965842529	0.1437279516521689	0.07124069311525633

0.1845169406586607	0.28616760300581073	0.21865004205565436	0.20553375754839492	0.3147430580062263	0.2663345280464931	0.1650905758509964	0.14851642779614416	0.1996980476374524	0.1387711865665812	0.10558083361380574	0.18245904711555827	0.297144826719264	0.22188710998364614	0.17994710510019712	0.18887723114775834	0.08765869433525361	0.19875044889460863	0.07986975573778478	0.17552275024503733	0.16233831386133993	0.03889130801239187	0.13256547174218317	0.18664395506312503	0.10297368783392086

0.3516202694468528	0.2537949126239917	0.2930645455953576	0.36093325002040955	0.2905569698151188	0.26671180521052995	0.13210386054955117	0.30401666869728755	0.24514207628289275	0.21830478566245293	0.11983968291406862	0.2776504777228402	0.2502891566773549	0.2067353894071016	0.2771106428698178	0.19396079656290982	0.12589030100220447	0.19714502648702079	0.08656868869604842	0.28821068105398834	0.2597526607555143	0.056754276000929575	0.2183232423100289	0.2787397074735367	0.09405374614453973

0.24280263954562803	0.2990266224195913	0.24736303376672686	0.2398500196338595	0.31387853309160113	0.2834336770545571	0.20038090290155974	0.2906379156965355	0.20277980014906619	0.24176643949930468	0.1159923377793122	0.22333062031741277	0.30010752855367895	0.29938716692609535	0.23793200882588694	0.19893620524674616	0.16450305303941004	0.20184223511010105	0.05695568917917754	0.14775685068695327	0.13508379687517716	0.07146941268036816	0.12584673770209978	0.15478592328854984	0.07200714080266832

0.14525246784706936	0.21973495907609192	0.17932801434523687	0.170864512205571	0.24844053160243484	0.2101486917661315	0.10890473957063476	0.11169231524680605	0.1576469950603797	0.10601862952522478	0.06775088138771555	0.12820795503449903	0.23163971263655123	0.15900343183147508	0.13789605252312445	0.1261906298522925	0.056622056393551806	0.13324533481189585	0.04883311779608296	0.1444861123033355	0.13130167591963812	0.025887269106812397	0.10239007068397689	0.1519747097203011	0.06370921502232949

0.20755840522421287	0.27392119690016614	0.21829034339414127	0.20791665688072986	0.2820620038339863	0.2623926157460644	0.12729982595473766	0.2071959078504743	0.22992337729771734	0.1912492487299456	0.14622654100648538	0.1770903553846887	0.29275173177560676	0.23062769269097994	0.18323208735458874	0.1710437098657645	0.09953289334633654	0.17643820313020142	0.05714715065756205	0.14356514738239343	0.1313688529687617	0.051610138748212145	0.10396865278158485	0.15008270912760896	0.07391514862211895

0.27394240733851294	0.3719631387053598	0.2886318343800246	0.27541139129561354	0.3833209723256305	0.35949788586026143	0.20917999490717448	0.2706904538351407	0.3021411480094966	0.2542245833551642	0.2101194749942761	0.25819030831814205	0.3904897474435003	0.3229609621993472	0.25197429708736413	0.263918408252341	0.15975801853707544	0.27244285544641783	0.10245855553137126	0.193259717039147	0.18058666322737088	0.06792545282543108	0.150841502681328	0.20585346225300022	0.13111143442180695

0.34381028353271326	0.43118360236443243	0.300558548056397	0.2958723962117475	0.4471720187459336	0.43215489441868626	0.26564777634265474	0.3408662243562763	0.3342647718748769	0.28820025548862616	0.22996274452962068	0.3031211752756761	0.38863761086762844	0.3615779242909744	0.34893409314160867	0.3383460397272436	0.21233427001377306	0.29162601810957034	0.10019132662933647	0.19099248813711217	0.1783194343253361	0.11674093023801413	0.17873302406980301	0.2028639755201953	0.1284676719298956

0.24081600185132665	0.3188327430056739	0.2518381202132099	0.23914299216415946	0.32692909589874203	0.30300360902843365	0.16791081923710693	0.23937813082504938	0.2643997307310416	0.22162031607919236	0.17935777982261103	0.21728886981058426	0.33277976889033845	0.27421668432881335	0.21770844078791302	0.2144356246468927	0.1291342195548188	0.22056470670908	0.06927751361478124	0.1639211577960785	0.15172486338244673	0.07268016731322091	0.12747110800982925	0.1718261363574502	0.08916038928415561

0.4194902608386607	0.4417790173898655	0.4337294090204157	0.4317496195005671	0.4672871216224489	0.42350233214056276	0.2939959952677453	0.3386729746779038	0.33909510737535375	0.39484013196345197	0.21738079043474912	0.3350100885721589	0.41489882582860427	0.36226068709968307	0.4092433490415883	0.31246051034756583	0.24671462937235122	0.2970265845321214	0.14110890267247098	0.34050243237430544	0.3198450051490063	0.12185884403048847	0.25152925028483736	0.36650114464406847	0.15535661084274988

0.2243145819473228	0.2901212645917331	0.24924642586263282	0.23410437209268292	0.30476374824764524	0.2755952995843872	0.20463770694751698	0.22196281551740077	0.25339930297498614	0.2252522812644611	0.1672003791206955	0.22051525325065457	0.3226386415893274	0.2852062970860226	0.21543161915624856	0.18392405255467587	0.17246861040779216	0.18678970527965372	0.06053755510010115	0.15619054960735368	0.32139864112088534	0.0696295939719947	0.12819331891606617	0.1648259312685288	0.07876414600323617

0.18655604481521337	0.23469165040265821	0.20508470038674353	0.2049565784797343	0.277283807425595	0.21563172278705958	0.19433636054079123	0.15656301555650265	0.1761610458367375	0.15057039251954366	0.09350418131759562	0.186619956385828	0.2588621567377823	0.22092159329403682	0.18877930420955272	0.15256842248919134	0.1390370027329714	0.16011210255987754	0.05492050249146065	0.1505734969987132	0.13738906061501582	0.04244488123903115	0.12310991517853381	0.15870108033760785	0.07122229977783268

0.19974342628031794	0.26296790271437015	0.2141126846384399	0.20450020332231747	0.2743232725970445	0.2555954946729117	0.11552372297282865	0.19823422615630934	0.22596193117496874	0.1846910250646519	0.13766349983206083	0.1662206547015028	0.28117664783955226	0.21960847827125085	0.17578120253311158	0.15808915318065203	0.0914678703733213	0.16344528978707357	0.05079174411679609	0.14159290562457183	0.1289198518127957	0.045985371096000295	0.10085773354080065	0.14821815513990433	0.06560260814673674

0.6872628516831689	0.450748236380626	0.41149970726594454	0.43735529879112234	0.6016667572737033	0.43555525302076337	0.24259423125654034	0.6004677994695209	0.38055785788344243	0.4247747976957085	0.28885460181253986	0.32469454279618487	0.3717194572691085	0.4010598060094273	0.3140309609796915	0.43308642046720447	0.38639072613498626	1.0	0.43455475717075215	0.42635314105975697	0.4218265435103684	0.2265388857520833	0.46350865581820255	0.4500595516641262	0.23991763001316269

0.2674395157858235	0.19638331223249433	0.2787586817991019	0.28698587530698083	0.20284639381736067	0.24821968050675897	0.12258425748446591	0.17127465660361538	0.19336306945101128	0.22962678153734173	0.14093504035725316	0.1472352622774413	0.16065371573508486	0.1271139347213462	0.1460929722177678	0.12054850356632625	0.11662712446717773	0.4104250591820802	1.0	0.41577116952783527	0.41294527113206436	0.09475901029416336	0.3921795953744232	0.43791421862410235	0.21471330672187694

0.5270264392452583	0.47738883322438075	0.5243209376632885	0.5086866078557707	0.3992202421079778	0.5222007469025403	0.3905436983843903	0.45275088240827543	0.46501249541546086	0.4892281075929438	0.3959975982749813	0.4154783993884637	0.26469452476872013	0.33468182046817974	0.3024966739818455	0.35152705757780867	0.32255143820771015	0.42635314105975697	0.42679145675945285	1.0	0.6785512766247818	0.11757216305886568	0.5581023322203116	0.7027409422582802	0.4210028451801892

0.5195135463992413	0.4512016295825746	0.5008438417031966	0.48719163306672947	0.38389979179692546	0.5006006224882269	0.3671953601164411	0.4174792450242853	0.4427354431339867	0.4836677874886063	0.362734022347808	0.39108974477568426	0.25096121091913165	0.30622380016970563	0.28255763160699404	0.3207633726825148	0.3008999766401692	0.4218265435103684	0.4248121145620953	0.6785512766247818	1.0	0.1262879799196991	0.5707763820776715	0.7186637349055309	0.3995034977853327

0.2604729589120947	0.26111741809747235	0.12153530252203822	0.17451518499478189	0.19583783534153593	0.12949483136827455	0.0867536973682092	0.25152370309151423	0.13615903796102613	0.18992330751853748	0.07065712244356603	0.15277465062174872	0.10253314382079809	0.18992541489180553	0.16828536265606364	0.1617635969566657	0.13129971621780745	0.2265388857520833	0.09994746593671099	0.11757216305886568	0.1262879799196991	1.0	0.17578586797225546	0.13699868127944007	0.09783168296081263

0.5079427821959075	0.34696769319811	0.4181545215341695	0.46681186121166596	0.34948056377141956	0.3640331950687613	0.2679597163741229	0.41083102693983253	0.32099269266793107	0.4264992957111736	0.2705230951916725	0.345064628959343	0.2193589571415566	0.32175510782580274	0.34794661131099247	0.30503175038575453	0.30741754283551226	0.46350865581820255	0.4036836290051341	0.5581023322203116	0.5707763820776715	0.17578586797225546	1.0	0.5955713524863453	0.368588253317575

0.5425479685412016	0.4823988563626951	0.5238040339472183	0.5076631707539951	0.4070629260221706	0.5249535654226678	0.3914206598479358	0.43750217173631545	0.47409908470612344	0.5100503570786652	0.38289543717988433	0.41713206943727443	0.2875836725264018	0.3333458235368759	0.3305819219666092	0.3458615510039732	0.3250833848319785	0.4500595516641262	0.44978106205413326	0.7027409422582802	0.7186637349055309	0.13699868127944007	0.5955713524863453	1.0	0.42262827639075873

0.2739177574872392	0.2207715351241356	0.3075245591513635	0.3021101983327257	0.23802855787261737	0.25082813847461	0.14282608900805904	0.19130036694064095	0.2528208467051004	0.22808177846705116	0.14944819709410423	0.17514101481694322	0.2669473497890579	0.17066677883752884	0.16964960998373563	0.1423794065887985	0.12124267678014017	0.23991763001316269	0.22573359395349446	0.4210028451801892	0.3995034977853327	0.09783168296081263	0.368588253317575	0.42262827639075873	1.0

0.5703557920353566	0.49067836556990135	0.5535025612968106	0.5917916423018512	0.41446076921798203	0.5160829666780132	0.3956002035853161	0.4800618399088121	0.4996229473634486	0.5177050071128158	0.39792874063313377	0.4622844049898911	0.27029629762849994	0.40010815549157464	0.43931742956978104	0.40286346490751446	0.3789009468812661	0.44965046023620275	0.4330286942470749	0.685824378999103	0.6734310364786422	0.1554560325582139	0.565175432497153	0.6976207021121406	0.4272400826678113

