0.9513234366781727	0.7106223825753495	0.6758293613794075	0.6114840616793976	0.6203958090361648	0.5076321361731118

0.6716815955113608	1.0	0.6426559706984726	0.5514386532387632	0.6442494312208477	0.4795559592118961

0.6718076152386924	0.6614240758336665	1.0	0.6632042345666191	0.6214225291877591	0.4977972809952932

0.6532087816957705	0.6050114430274536	0.6972186409429421	0.8588090306512801	0.5124408303224219	0.4768644728291906

0.6219226258534039	0.6457572990293157	0.6214225291877591	0.4628129074039272	1.0	0.5144109992551635

0.4813781816296557	0.4795559592118961	0.4977972809952932	0.45109259316947026	0.5144109992551635	1.0

0.6910709494736434	0.6551359083101749	0.6441534186765956	0.5062671567367354	0.6553284771684746	0.5218686160807919

0.5827523913675066	0.5716824429156461	0.5664746560032665	0.4704002808855514	0.49364847352151286	0.4588079453258135

0.34879405979713574	0.4033642581810273	0.31147752138296697	0.2904437089976529	0.3482848959219609	0.24501557260876355

0.5650658171813776	0.5969112282567627	0.5844263659140658	0.4070660261434929	0.5764303880676795	0.43836144751770395

0.5645616143441718	0.5667315746343768	0.5683098056665169	0.48999124914771275	0.4572022820378869	0.485862581514077

0.4717055802442077	0.5708966378044233	0.47354882969809076	0.47884290511842864	0.493217660801369	0.4152328062134455

0.581299166373709	0.5593917648224392	0.5637235440162066	0.5146699790722107	0.6164806779892837	0.4637407213595576

0.5307347646496298	0.4889969899543578	0.5123679445560734	0.4669319926086606	0.4945696725905868	0.49188973052301066

0.608918447182597	0.672682390564626	0.6392382973865343	0.471281296755946	0.6489157333851971	0.5049693942418486

0.5417645740462697	0.5273504127146503	0.5275715431476813	0.5552570849464376	0.5135673653080874	0.4577433026981276

0.5568931553821832	0.6344980493640484	0.5807987367719847	0.5674603360806643	0.646899434836108	0.5393729994479461

0.5513447172339264	0.4871969127514042	0.5020282174213231	0.43405440783535454	0.5003735409241163	0.47519644410483525

0.6034074313171709	0.5022136527419303	0.5206306926892952	0.4104506425077171	0.5230253420372548	0.4307281495342049

0.4362048557693482	0.5074860288960272	0.5088219231394804	0.44620327193292475	0.48472903796272526	0.4200296833706058

0.6103407875210544	0.6060146168922966	0.6020200189846243	0.43138726273817457	0.6092370788701909	0.4207389641988869

0.48669138584158234	0.5080662526400646	0.4817237537015817	0.3971564852456132	0.50894329043695	0.36258699046390364

0.6798766920991426	0.6510551969612266	0.7029832021138354	0.6390140517073111	0.6388951670465736	0.4972346955180986

0.6839644670193883	0.6767264341344967	0.6936062771878307	0.5132376630766221	0.6948324530923333	0.4861745668288585

0.6232559628378669	0.6145340375236885	0.6337800157645024	0.42475242413552594	0.6148360699320589	0.50725537858513

0.6173664269249752	0.6423045647637429	0.6266853798436135	0.4651296919619149	0.7111864537902125	0.5050186292784954

0.6466157587888091	0.6672234386554622	0.6241535440733668	0.49774624937404094	0.6853622569237425	0.47960026393030974

0.5507390450397719	0.4944903485877811	0.5003115192670218	0.38844195217274996	0.49740239421853183	0.3336046309401539

0.5236368901378801	0.4733108097898904	0.5091935891362345	0.4264729550165625	0.5551511567919616	0.5209035798781227

0.6964771187547862	0.6530685946391188	0.6904580859372753	0.5198512059975173	0.6553508838943538	0.5117864930067313

0.7047317967736202	0.6165693747041323	0.6632004360392381	0.49384786122315305	0.6476368055875744	0.5502632201047765

0.5015094976211354	0.49597966736933274	0.5155678915407804	0.3869740006380386	0.5628282529643351	0.5051945268780417

0.594941421930648	0.5466513399917889	0.6154332524902398	0.4574077327629565	0.5806438224473505	0.6160080084217187

0.6000690440398337	0.5136207567073439	0.6045025581822097	0.46212850943479156	0.5667211346325967	0.47420646679269585

0.663218364750316	0.5828197472437621	0.6888695642752325	0.45672537874060853	0.6500996755609895	0.5252652351049494

0.5417053511152499	0.5504385792625803	0.5818522753418297	0.4715368666841582	0.6202548647101435	0.5359452018667981

0.524499982630518	0.60982182611067	0.4815928888331099	0.48530129777036923	0.5143859813466114	0.48207974451864444

0.5814098887626755	0.6162323439062982	0.6094915892326621	0.4536699315207008	0.5857419717990273	0.5657140853324996

0.530076786898598	0.46144519883883417	0.5046272837043554	0.45313122590025057	0.5492732413380026	0.4821382455859008

0.6215562300254942	0.6658007649325	0.6868675674614715	0.5115468329237939	0.6694324604802201	0.5169967327429209

0.6543987035570009	0.6701280444782609	0.6270036077385213	0.46402787232528375	0.6014354881297302	0.4258599412850586

0.5927286989275196	0.5426019711125465	0.568158134796942	0.39637575415054294	0.5827165456465497	0.3600195293370926

0.509620350093862	0.4725478656699052	0.4930625884053993	0.3583810995103568	0.4193718007513727	0.5584820260928041

0.6165939019313789	0.5765952284584659	0.5912791043942858	0.5097139637220887	0.5787081793614108	0.5521423190625583

0.5613511611488342	0.5185507622407287	0.57955658832423	0.4481269403064017	0.589173555879767	0.5765021010542214

0.39579788816202827	0.3647564512338533	0.37849292035403254	0.34285832149494755	0.35151402691799905	0.29390482221595343

0.574775838253768	0.49457780953556923	0.5499355616720967	0.45064081600424005	0.4853841085310374	0.6428257167437961

0.3777628168637752	0.31349357413544293	0.33850032814197156	0.27116455447625487	0.31805621943711215	0.3660677992232102

0.4665190596350317	0.43994310160657285	0.4655223250899594	0.39016072744901875	0.42949345098170044	0.5126029426060125

0.41280035562542305	0.3851252743249063	0.39173157123752855	0.3075030079093849	0.4106124742951906	0.4746845521322364

0.4731947344159937	0.4317910120078131	0.463321020332367	0.33090072184262054	0.45128205139716054	0.29532987899206886

0.5878768924079448	0.5455066595053086	0.5260287640313763	0.36271834726264196	0.5139709128355894	0.4040669428034275

0.5172752852781481	0.44913098838139154	0.4848286711894348	0.3632650008805359	0.515628245917376	0.35181064291234276

0.5769540288741202	0.5485735563998684	0.5983942306343436	0.47733111893808644	0.6237397973057928	0.45830528689948014

0.5567524961541848	0.6030786219848816	0.5950947537714895	0.40808776522881013	0.530438191801187	0.5987212384396542

0.6086273011597287	0.6235437730774063	0.6088853448059726	0.4472848387606303	0.6485805028111619	0.4998230762173533

0.5470136821038513	0.4965575112702669	0.5440481237546949	0.5061377301626054	0.5758544425787218	0.4526533593767084

0.6620161649113797	0.6023449546150847	0.6353731164843017	0.4539273220850253	0.5912751838544075	0.4487951792105961

0.6240504240178784	0.6038050410905476	0.6290229928937171	0.4597437378124465	0.6214619748693188	0.4688827293228084

0.6102240657638531	0.636182702792903	0.6498113872996358	0.5780767867963968	0.5356886503298502	0.6405089713280492

0.6169385621601227	0.6616161794302199	0.6057605610366229	0.4730629138052719	0.6002632427688313	0.49050595556392607

0.6389060078244451	0.559506247973997	0.6216772434909144	0.4510205350558493	0.5816882909794152	0.6118727432341119

0.6590060257169218	0.6159435689604498	0.6272462180446265	0.4979509205510996	0.554820874895221	0.617773013915828

0.660520008382042	0.5566460643175337	0.6394653489924331	0.4506421732059698	0.5829551258169832	0.6095354982878947

0.5092382245878692	0.4864421752493542	0.5059687923790626	0.3875057790342239	0.5035672618854856	0.38421582155471046

0.625469733304294	0.5714201484183641	0.5826350935987898	0.4969522148202773	0.5579882575025618	0.49464878766782905

0.5956767122251712	0.6035844147571663	0.6036844659114322	0.5058091956288119	0.601278643786779	0.533264787587971

0.4719499325241913	0.4149978560102846	0.4403816103375989	0.3509507956000866	0.42499523516737	0.2632252552706696

